204
1 1
2 2
4 1
5 1
6 1
7 5
12 4
12 7
19 7
26 5
31 2
33 1
34 7
41 4
26 26
52 2
54 1
55 1
56 5
61 1
62 1
63 2
65 2
67 2
69 2
71 4
75 7
69 26
95 1
96 2
96 5
101 2
103 1
104 1
101 12
105 19
124 1
125 1
126 1
126 4
130 2
132 2
132 5
126 26
134 26
160 2
134 41
175 5
180 6
186 1
186 4
190 6
187 12
199 2
201 7
208 1
190 33
223 5
228 5
180 56
233 6
239 1
240 2
240 5
245 4
249 4
253 5
258 2
245 26
271 2
258 26
284 1
285 2
271 34
284 45
305 45
284 69
305 56
361 4
365 1
365 4
369 2
371 2
369 12
381 2
383 4
387 7
394 6
400 2
402 1
403 4
400 16
416 1
416 4
369 61
430 2
432 6
438 7
430 26
407 52
456 6
462 4
466 2
445 31
445 41
486 2
488 2
490 5
495 5
500 5
505 4
509 16
505 33
538 4
525 26
551 5
556 4
560 1
561 1
561 4
565 7
551 34
585 16
601 5
606 2
606 5
608 16
624 7
608 31
639 2
641 5
646 2
648 12
660 4
660 7
667 5
672 1
667 19
686 4
690 1
691 4
695 6
695 19
714 7
721 4
725 4
729 4
733 1
734 5
739 2
741 16
734 34
725 52
768 12
777 6
783 1
784 5
789 5
794 1
795 4
799 6
789 19
808 2
810 12
799 34
808 34
842 1
843 6
849 1
850 7
857 2
859 7
857 12
869 2
871 1
872 2
866 16
882 1
883 7
874 19
872 31
903 4
907 2
907 5
912 2
914 5
919 2
921 6
914 34
948 5
953 6
921 41
962 2
953 19
972 1
973 1
974 1
975 6
981 2
983 1
983 4
987 5
992 4
996 1
