2881
1 1
2 2
4 1
5 2
7 2
7 7
14 1
15 2
17 4
17 7
24 2
26 4
30 4
34 1
35 2
37 2
39 1
40 1
39 24
63 1
63 4
67 1
68 1
68 7
69 14
75 21
96 7
103 1
104 2
106 2
106 5
75 39
108 9
117 2
119 1
120 1
121 1
122 2
122 5
127 2
129 4
129 7
136 2
138 1
139 1
139 4
143 5
148 1
149 7
156 1
157 4
161 7
168 1
168 4
172 2
174 2
176 1
172 15
176 14
176 17
187 9
193 9
202 1
203 1
204 7
211 2
211 5
216 5
221 1
222 1
223 1
223 4
227 4
231 2
233 4
233 7
240 1
241 5
246 1
247 2
249 7
256 2
258 2
260 1
260 4
264 1
265 4
261 14
269 17
275 14
289 2
291 5
296 1
296 4
296 14
310 4
314 7
321 2
323 4
327 1
328 2
330 7
337 1
338 1
339 1
339 7
346 4
350 5
337 21
358 2
360 5
365 7
372 1
373 4
373 7
380 4
380 14
394 1
395 2
397 4
401 4
401 7
408 5
397 24
421 2
405 26
431 2
431 5
413 26
439 2
441 4
445 1
441 17
446 15
461 2
463 2
465 1
465 4
469 1
470 2
472 1
472 4
476 1
477 7
484 2
486 2
488 1
488 7
495 5
500 2
502 1
503 1
503 4
507 2
509 5
509 15
524 4
528 4
532 2
532 5
537 2
539 5
544 1
545 4
549 4
553 9
553 15
568 1
569 4
573 1
568 17
585 5
562 34
590 9
585 17
602 2
602 5
607 4
607 15
622 2
624 5
607 35
642 1
643 5
648 1
649 2
651 2
653 2
624 37
661 1
662 5
667 2
669 2
671 1
672 7
679 1
680 4
680 7
687 1
687 4
691 1
692 7
699 5
704 1
705 1
705 4
709 1
710 1
711 1
712 5
717 1
718 1
719 4
719 7
726 9
735 2
737 1
737 4
741 5
746 1
747 2
749 2
749 5
754 1
754 21
775 1
751 35
786 1
787 2
789 2
791 1
791 4
791 7
798 1
799 1
799 4
803 2
805 1
806 1
807 2
809 5
814 2
814 5
819 1
819 4
823 1
823 4
824 9
833 2
827 14
841 1
842 1
842 4
846 2
848 2
850 1
851 1
852 1
853 2
855 4
859 4
863 5
868 7
875 7
882 4
886 2
888 2
890 1
891 1
892 2
894 4
898 4
902 4
906 1
907 1
908 2
910 1
911 7
918 1
919 1
920 5
925 1
925 4
926 9
935 1
936 4
929 17
946 4
935 21
956 2
958 1
935 34
969 2
969 5
974 2
976 1
977 1
977 4
981 1
982 5
987 2
989 2
982 17
978 463
1441 1441
2882 2882
5764 514
6278 7
6285 1441
7726 211
7937 2882
10819 41
10860 9
10869 2
10871 1
10872 7937
18809 1441
20250 999
21249 261
21510 1
18809 5764
24573 213
24786 2
18809 7937
26746 539
27285 2
27287 1
27288 999
28287 423
28710 5
28715 1
28716 2882
31598 688
32286 2
32288 1441
33729 477
34206 2
34208 204
34412 1441
35853 484
36337 1
36338 999
37337 9
37346 2
37348 1
37349 5764
43113 41
43154 7
43161 5
24573 21511
46084 999
47083 196
47279 5
47284 350
47634 4
31598 28716
60314 1441
61755 114
61869 1
61870 2882
64752 446
65198 2
65200 1
65201 999
66200 114
66314 1
66315 2882
69197 149
69346 5
69351 1441
70792 26
70818 2
70820 296
43113 32288
75401 231
75632 1
43113 36338
79451 835
80286 5
80291 2882
83173 841
43166 43166
86332 83
86415 7
86422 1
86423 2882
89305 1441
90746 946
91692 2
91694 7937
99631 413
100044 2
100046 10872
110918 1441
112359 999
113358 169
113527 1
113528 6285
119813 41
119854 9
119863 2
119865 2882
122747 684
123431 1
64752 61870
126622 41
126663 17
126680 6285
132965 461
133426 1
133427 149
71116 71116
142232 177
142409 5
75401 71116
146517 69
146586 5
146591 718
75633 75633
151266 999
152265 439
79451 75401
154852 133
154985 2
154852 211
80286 79451
159737 680
160417 1
83173 80291
163464 798
164262 999
165261 75
165336 1
89305 84014
173319 413
173732 1
89305 86423
175728 806
175728 809
90746 89305
180051 747
180798 5764
186562 258
186820 1
186562 590
99631 91694
191325 514
191839 5
191844 1
191845 1441
193286 999
194285 395
194680 1441
196121 848
196969 6285
203254 458
203712 1
203712 431
204143 1441
205584 143
205727 1441
207168 999
208167 431
208598 1
208599 792
209391 971
210362 2882
213244 1441
214685 314
214999 1
215000 143
215143 1
215144 2882
218026 1441
219467 133
219600 1
219601 1441
221042 41
221083 1441
222524 549
223073 2
223075 1
223076 755
223831 9
223840 2
223842 1441
225283 380
225663 1
225664 1441
227105 672
227777 5
227782 999
228781 83
228864 2
228866 1
119813 110918
230731 940
231671 4
119813 113528
233341 157
233498 2
233500 1
173732 64752
238484 6285
244769 495
245264 2
245266 7726
252992 35
253027 1
133576 133576
267152 9
267161 1
142232 126680
268912 604
269516 1
269517 7937
277454 177
277631 1441
279072 41
279113 5
279118 1441
280559 41
280600 7
280607 1
280608 2882
283490 692
284182 5
284187 1
151266 146591
297857 129
297986 2
297988 1441
299429 684
300113 1
152265 151266
303531 798
152704 152704
305408 240
159737 151266
311003 346
311349 1
196969 119854
208167 110918
165337 165337
330674 662
331336 2
331338 999
332337 384
332721 5
332726 1441
334167 755
334922 1
334923 1441
336364 202
336566 989
337555 69
337624 157
337781 2
337783 999
338782 177
338959 5
338964 2882
341846 64
341910 489
342399 5
175728 173319
349047 247
349294 405
175728 175728
351456 755
352211 9
352220 2
352220 103
352323 405
352728 6285
359013 624
359637 2
359639 1
186562 176537
363099 1441
364540 514
365054 1
365055 999
366054 96
366150 5
366155 1
366156 1441
367597 643
368240 83
368323 2
368325 1
368326 1441
369767 999
370766 174
186820 186562
373382 224
373606 1441
375047 355
375402 2
191325 191325
382650 384
383034 2
383036 1
383037 30
383067 2882
385949 83
386032 7
386039 1
194680 194285
388965 75
389040 7
368240 24786
203254 196121
399375 712
400087 2
400089 1
400087 35
400122 1441
401563 500
402063 2882
404945 999
405944 216
207168 205727
412895 350
413245 2
207168 207168
414336 291
414627 4
299429 119863
359639 65200
424839 590
425429 2
425431 1
425432 1441
426873 83
426956 5
426961 1441
428402 143
428545 2
428547 1
218026 215144
433170 738
433908 1
433909 2882
436791 528
437319 1
437320 999
438319 75
438394 2
438396 999
439395 204
439599 2
439601 1
222524 221083
443607 408
444015 4
444019 265
225283 222524
447807 314
448121 4
230731 227105
457836 360
458196 4
458200 607
458807 1
238484 233501
471985 1441
473426 143
238484 238484
476968 569
477537 2
477539 1
477539 176
444015 47284
491299 1441
492740 959
493699 7
493706 1
458807 35853
492740 6278
499018 314
499332 4
499336 999
500335 15
500350 1
500351 26
500377 1
268912 233500
502412 2882
505294 604
505898 1441
507339 920
508259 4
508263 1441
509704 999
510703 241
510944 2
510946 1
510947 2882
513829 1441
515270 999
516269 177
516446 4
516450 920
517370 2
517372 1
517372 863
267152 253028
520180 213
520393 2
520395 868
521263 4
521267 514
521781 1
521782 6285
528067 833
528900 1
269517 269517
539034 384
539418 9
539427 395
499332 43154
542486 1441
543927 585
544512 1
544513 83
544596 7
544603 1
277454 269517
546971 177
547148 7
547155 1
547155 258
544513 10819
555332 1441
556773 504
557277 2
457836 100046
557882 2882
560764 291
561055 4
561059 569
561628 2882
564510 1441
565951 41
565992 9
566001 2
566003 1
566004 2882
568886 1441
570327 314
570641 2
570643 1
297857 280608
578465 96
578561 2
578563 1
578564 1441
580005 999
581004 114
581118 2882
584000 187
584187 2
584189 1441
585630 999
586629 41
586670 17
586687 2
586689 1
586690 1441
588131 340
588471 2
588473 1
588474 999
589473 129
589602 2
589604 1441
591045 999
592044 69
592113 1441
593554 712
594266 2
520395 75633
596028 7937
603965 1441
605406 75
605481 5
605486 1
605487 999
606486 83
606569 4
305408 305408
610816 196
311003 303531
614534 15
614549 999
615548 261
615809 1
557279 61870
311350 311350
622700 814
623514 1
623515 1441
624956 959
625915 7
625922 1
625923 1441
627364 143
627507 726
628233 4
628237 275
628512 2
628514 1
628233 719
628952 999
629951 174
630125 999
631124 75
631199 1
631199 590
631124 749
631873 275
632148 569
632717 241
632958 622
633580 2882
636462 999
637461 358
637819 755
330674 311350
642024 1441
643465 323
643788 1
643788 946
644734 999
645733 423
646156 5
646161 1
330674 319085
649759 269
650028 2
650030 1441
651471 999
652470 358
652828 2882
655710 504
656214 1
656215 2882
659097 114
659211 2
332337 331338
663675 395
664070 1
664071 258
664329 706
334167 332337
666504 2
477537 196121
337783 337783
675566 328
675894 1441
677335 75
677410 1
677411 1441
678852 204
679056 2
679058 350
611012 69197
680209 1441
681650 9
681659 2
341910 341910
683820 264
684084 2882
686966 384
687350 9
687359 7937
695296 524
695820 2
695822 1
349699 349047
698746 233
698979 2
351456 351456
702912 562
703474 2
359639 352211
711850 1441
713291 776
714067 9
650030 65201
715231 470
359013 359013
718026 358
718384 1441
719825 719
720544 699
721243 4
364540 363099
727639 202
727841 1441
729282 41
729323 4
729327 999
730326 224
730550 1
367597 367597
735194 249
735443 5
735448 1
402063 336364
370940 370766
741706 64
741770 1
382650 370940
753590 823
382650 373606
756256 524
756780 2
756782 1
756783 1441
758224 848
759072 1
759073 5764
764837 421
765258 1
765259 2882
768141 169
768310 2
768312 41
768353 9
768362 4
768310 133
768443 1441
769884 122
770006 1
389047 389047
778094 611
778705 2
778707 1
393026 389047
782073 999
783072 187
783259 2
783261 7937
791198 910
792108 999
793107 177
793284 4
401563 400122
801685 999
802684 133
802817 2
404945 402063
807008 848
807856 1
404945 404945
809890 596
810486 2882
813368 30
813398 7937
821335 373
821708 2
821710 1
821711 1441
823152 999
824151 169
824320 2
414336 413247
827583 991
828574 7
426873 424839
851712 264
458807 399375
858182 754
858936 240
859176 549
859725 2882
862607 999
863606 241
863847 2
863849 1
863850 337
864187 7937
872124 446
872570 5
872570 918
528067 349294
768353 122747
891100 741
891841 2
891843 1
448125 448125
896250 669
896919 1
896920 7937
904857 611
905468 5
905468 842
906310 1441
907751 999
908750 227
908977 2882
911859 1441
913300 929
457836 457836
915672 241
915913 408
916321 1
872570 47638
920208 1441
921649 193
921842 1
921843 330
922173 1
557882 366054
923936 712
924648 4
517373 413245
930618 2882
933500 999
934499 275
934774 4
934778 2882
937660 477
588473 352211
940684 882
941566 2
941568 1
473426 471985
945411 704
946115 1441
947556 524
948080 2
948082 1
948083 2882
950965 991
951956 1
476968 476968
953936 300
954236 2
954238 1
954238 661
544513 413245
491299 477715
969014 6285
975299 999
976298 196
976494 5
976499 2882
979381 532
979913 999
980912 174
981086 574
981660 2882
984542 484
494660 493707
988367 291
988658 2
988367 372
770006 221083
991089 2882
993971 1441
995412 999
996411 275
996686 1
499332 499018
998350 1
998351 998351
1996702 1996702
3993404 3993404
7986808 1996702
9983510 203713
10187223 261
10187484 1996702
12184186 969014
13153200 999
13154199 433
13154632 998351
14152983 438396
14591379 920
14592299 2
14592301 1
14592302 7986808
22579110 91694
22670804 999
22671803 161
22671964 4
22671968 998351
23670319 425432
24095751 265
24096016 2
13153200 12184186
25337386 528901
25866287 2882
25869169 532
25869701 1
14152983 14152983
28305966 269517
28575483 2882
28578365 929
28579294 4
28579298 727841
29307139 999
29308138 265
29308403 1
29308404 1996702
31305106 568886
31873992 629
31874621 7
31874628 1
22579110 14592302
37171412 1996702
39168114 584189
39752303 999
39753302 395
39753697 1
39753698 1996702
41750400 60314
41810714 545
41811259 998351
42809610 196969
43006579 2882
43009461 1441
43010902 999
43011901 83
43011984 4
43011988 160418
43172406 1441
43173847 999
43174846 360
43175206 998351
44173557 337624
44511181 108
44511289 1
44511290 1996702
46507992 473569
46981561 1441
46983002 776
46983778 1
46983779 10872
46994651 2882
46997533 855
46998388 2
46998390 1
24096018 24096018
48192036 133576
48325612 1441
48327053 373
48327426 1
48327427 5764
48333191 177
48333368 5
25337386 24096018
49433404 891844
50325248 2882
50328130 314
50328444 2
50328446 1
29307139 28579298
57886437 160418
58046855 999
58047854 330
58048184 2
58048186 1441
58049627 999
58050626 30
58050656 2
37171412 31874629
69046041 28716
69074757 1441
69076198 999
69077197 224
69077421 2
69077423 1996702
71074125 507339
71581464 15
71581479 1996702
73578181 528901
74107082 999
74108081 330
74108411 2
74108413 1
74108414 998351
75106765 208599
75315364 203
75315567 1996702
77312269 69351
77381620 509
77382129 1
41750400 39168114
80918514 238484
81156998 5764
81162762 486
81163248 1
81163249 1996702
83159951 37349
83197300 2882
83200182 1441
83201623 803
83202426 998351
84200777 319085
84519862 6285
84526147 999
84527146 111
84527257 633580
85160837 1441
85162278 999
85163277 261
44173557 43175206
87348763 996687
88345450 999
88346449 157
88346606 2
88346608 1
46507992 44511290
91019282 359640
91378922 1441
91380363 365
91380728 4
46507992 46507992
93015984 284188
93300172 2882
93303054 365
93303419 2
93303421 3993404
97296825 6285
97303110 712
57886437 44511290
102397727 458808
102856535 6285
102862820 999
102863819 237
102864056 2
102864058 684084
103548142 999
103549141 241
103549382 7986808
111536190 877361
112413551 10872
112424423 216
112424639 1996702
114421341 802819
115224160 1441
115225601 898
115226499 998351
116224850 596028
116820878 611
116821489 2
116821491 1
116821492 703476
117524968 7726
117532694 41
117532735 17
117532752 2
117532754 998351
118531105 284188
118815293 999
118816292 413
118816705 998351
119815056 615810
120430866 1441
120432307 999
120433306 237
120433543 1
120433544 133576
120567120 2882
120570002 1441
120571443 978
120572421 1
69046041 58050658
127096699 998351
128095050 2882
128097932 1441
128099373 999
128100372 291
128100663 998351
129099014 505898
129604912 196
129605108 2
129605110 1
129605111 998351
130603462 210362
130813824 1441
130815265 999
130816264 149
130816413 4
71581464 71074125
142655589 284188
142939777 10872
142950649 1441
142952090 502
142952592 985026
143937618 2882
143940500 337
143940837 623515
144564352 310
144564662 2
144564664 1
74107082 73578181
147685263 458808
148144071 6285
148150356 297
148150653 2
80918514 74108414
155026928 280608
155307536 1441
155308977 365
155309342 4
80918514 77382130
158300644 896920
159197564 999
159198563 96
159198659 2
159198661 165337
159363998 6285
159370283 999
159371282 314
159371596 5
159371601 1
83159951 81163249
164323200 998351
165321551 152704
165474255 544
84519862 84200777
168720639 113528
168834167 2882
168837049 1441
168838490 999
168839489 346
168839835 998351
169838186 279118
170117304 999
170118303 9
170118312 969014
171087326 1441
171088767 999
171089766 297
87348763 85163538
172512301 269517
172781818 2882
172784700 611
172785311 5
172785316 1
172785317 412895
173198212 231
173198443 1
173198444 998351
174196795 91694
174288489 2882
174291371 41
174291412 5
174291417 1
88345450 87348763
175694213 123432
175817645 999
175818644 275
175818919 7
175818926 3993404
179812330 998351
180810681 123432
180934113 835
180934948 2
180934950 1
180934951 624956
181559907 261
181560168 1
93015984 91380732
184396716 477715
184874431 265
184874696 1
184874697 698981
185573678 1441
185575119 524
185575643 2
185575645 924652
186500297 1441
186501738 959
186502697 5
97296825 91380732
188677557 741771
189419328 7937
189427265 249
189427514 753590
190181104 477
190181581 642024
190823605 959
190824564 1
190824565 998351
191822916 21511
191844427 1441
191845868 672
191846540 1996702
193843242 24788
193868030 755
193868785 2
193868787 1
193868788 998351
194867139 494660
195361799 1441
195363240 41
195363281 14
195363295 458808
195822103 10872
195832975 269
195833244 2
195833246 1
195833247 998351
196831598 126680
196958278 2882
196961160 940
196962100 5
102397727 97303822
199701549 824322
200525871 330
200526201 5
200526206 1
200526207 1996702
202522909 998351
203521260 458808
203980068 1441
203981509 846
203982355 1996702
205979057 10872
205989929 1441
205991370 999
205992369 360
205992729 2
205992731 1
103549382 103549382
207098764 528901
207627665 5764
207633429 202
207633631 3993404
211627035 269517
211896552 2882
211899434 1441
211900875 291
211901166 2
111536190 103549382
215085572 366156
215451728 940
215452668 1
215452669 21511
215474180 241
215474421 2
215474423 593554
216067977 549
216068526 2
216068528 2882
216071410 360
216071770 2
216071772 1
216071773 3993404
220065177 1996702
222061879 428548
222490427 1441
222491868 755
222492623 14
222492637 491299
222983936 816
222984752 2
114421341 111536190
225957531 33729
225991260 446
225991706 7
225991713 393026
226384739 1441
226386180 484
226386664 998351
227385015 627507
228012522 509
228013031 2
228013033 1
228013034 319085
228332119 1441
228333560 41
228333601 7
116224850 114421341
230646191 10872
230657063 2882
230659945 1441
230661386 999
230662385 41
230662426 14
230662440 319085
230981525 1441
230982966 75
230983041 4
230983045 628952
231611997 853
231612850 100046
231712896 5764
231718660 169
231718829 1
231718830 828581
232547411 7937
232555348 999
232556347 75
232556422 2
232556424 1
118531105 117532754
236063859 204143
236268002 119
118816705 118816705
237633410 230731
237864141 275
237864416 9
237864425 1
237864426 730551
238594977 1441
238596418 463
238596881 253028
238849909 2882
238852791 755
238853546 5
238853551 998351
239851902 132965
239984867 108
239984975 998351
240983326 7937
240991263 1441
240992704 380
240993084 2
240993086 1
240993087 3993404
244986491 578564
245565055 807
127096699 119815056
246911755 100046
247011801 7937
247019738 1441
247021179 795
247021974 998351
248020325 7937
248028262 991
248029253 7
129099014 128100663
257199677 280608
257480285 1441
257481726 918
130603462 129099014
259702476 37349
259739825 1441
259741266 177
259741443 2
259741445 176537
259917982 726
259918708 7
259918715 1
130603462 130603462
261206924 191845
261398769 350
261399119 2
142655589 119815056
262470645 61870
262532515 1441
262533956 30
262533986 998351
263532337 393026
263925363 1441
263926804 809
263927613 2
263927615 1
263927616 521782
264449398 999
264450397 69
264450466 2
264450468 180798
264631266 433
264631699 1
264631700 998351
265630051 957758
266587809 1441
266589250 999
266590249 431
266590680 1
142655589 128100663
270756252 444284
271200536 2882
271203418 489
271203907 2
271203909 1
271203910 215144
271419054 1441
271420495 286
142655589 130816417
273472006 998351
274470357 113528
274583885 2882
274586767 699
274587466 2
274587468 1
274587469 998351
275585820 698981
276284801 655
276285456 5
276285461 1996702
278282163 998351
279280514 905473
280185987 1
280185988 998351
281184339 698981
281883320 1441
281884761 827
281885588 5
281885593 375404
282260997 6285
282267282 607
282267889 2
282267891 1
282267892 368326
282636218 35
282636253 924652
283560905 2882
283563787 1441
283565228 999
283566227 384
283566611 5
142655589 142655589
285311178 221083
285532261 886
285533147 1
143937618 142655589
286593207 43166
286636373 987
286637360 1
286637361 998351
287635712 84014
287719726 1441
287721167 585
287721752 1
144564665 144564665
289129330 458808
289588138 5764
289593902 149
289594051 4
289594055 10872
289604927 6285
289611212 667
289611879 1
147685263 142952592
290637855 84014
290721869 1441
290723310 346
290723656 3993404
294717060 186562
294903622 227
294903849 2
294903851 896920
295800771 1441
295802212 297
295802509 2
295802511 3993404
299795915 998351
300794266 18809
300813075 509
300813584 2
300813586 1
155026928 148150655
303177583 821711
303999294 999
304000293 224
304000517 180798
304181315 2882
304184197 999
304185196 139
304185335 253028
304438363 10872
304449235 41
304449276 9
304449285 2
304449287 1996702
306445989 998351
307444340 873488
308317828 187
308318015 2
308318017 998351
309316368 151266
309467634 69
309467703 2
309467705 1996702
311464407 91694
311556101 2882
311558983 539
311559522 10872
311570394 1441
311571835 5
311571840 1996702
313568542 33729
313602271 64
313602335 1
158300644 158300644
316601288 515270
317116558 241
317116799 2
317116801 998351
318115152 123432
318238584 999
318239583 111
318239694 2
318239696 7986808
326226504 998351
327224855 606573
327831428 999
327832427 204
327832631 5
165321551 165321551
330643102 10872
330653974 999
330654973 261
330655234 1
330655235 998351
331653586 656215
332309801 1441
332311242 999
332312241 41
332312282 14
332312296 1996702
334308998 619149
334928147 1441
334929588 473
334930061 998351
335928412 393026
336321438 853
168839835 168839835
337679670 91694
337771364 5764
337777128 477
337777605 5
337777610 311350
338088960 2882
338091842 999
338092841 300
338093141 7
338093148 1
338093149 458200
338551349 524
338551873 1
171087326 170118312
341205638 152704
341358342 999
341359341 249
341359590 2
341359592 1
172512301 170118312
342630613 477715
343108328 1441
343109769 477
343110246 4
343110250 810486
343920736 1441
343922177 816
175694213 173198444
348892657 91694
348984351 2882
348987233 643
348987876 2
348987878 1
175818926 175818926
351637852 352728
351990580 2882
351993462 1441
351994903 999
351995902 41
351995943 7
179812330 174291418
354103748 113528
354217276 2882
354220158 999
354221157 323
354221480 1
354221481 245266
354466747 5764
354472511 500
354473011 1996702
356469713 633580
357103293 1441
357104734 377
357105111 1
357105112 998351
358103463 319085
358422548 6285
358428833 956
358429789 1
179812330 179812330
359624660 759073
360383733 241
360383974 2
360383976 359640
360743616 1441
360745057 827
360745884 2
184396716 179812330
364209046 165337
364374383 2882
364377265 1441
364378706 999
364379705 246
184396716 184396716
368793432 61870
368855302 1441
368856743 868
368857611 5
368857616 698981
369556597 2882
369559479 310
369559789 998351
370558140 100046
370658186 2882
370661068 1441
370662509 999
370663508 196
370663704 5
189419328 188677557
378096885 269517
378366402 6285
378372687 712
378373399 2
378373401 1
190181104 189427514
379608618 393026
380001644 1441
380003085 999
380004084 177
380004261 2
380004263 735449
380739712 470
380740182 1
380740183 518235
381258418 1441
381259859 441
381260300 2
193843242 191846540
385689782 998351
386688133 283490
386971623 122
194867139 194867139
389734278 406160
390140438 1441
390141879 999
390142878 41
390142919 7
196831598 195833247
392664845 180798
392845643 514
392846157 9
392846166 3993404
396839570 741706
397581276 41
397581317 21
397581338 998351
398579689 47638
398627327 10872
398638199 999
398639198 227
398639425 10187484
408826909 375404
409202313 1441
409203754 999
409204753 441
205979057 205979057
411958114 7937
411966051 1441
411967492 323
411967815 2
411967817 3993404
415961221 2882
415964103 1441
415965544 380
415965924 666506
416632430 611
416633041 5
211627035 207633631
419260666 113528
419374194 1441
419375635 629
419376264 7
419376271 1
419376272 1996702
421372974 160418
421533392 853
421534245 1
211901168 211901168
423802336 998351
424800687 547413
425348100 2882
425350982 1441
425352423 755
425353178 17
425353195 1996702
427349897 269517
427619414 2882
427622296 1441
427623737 989
427624726 477715
428102441 2882
428105323 1441
428106764 726
428107490 1
428107491 877361
428984852 10872
428995724 1441
428997165 929
428998094 2
428998096 1
216067977 215474423
431542400 187152
431729552 2882
431732434 346
431732780 269517
432002297 122
432002419 859725
432862144 999
432863143 394
432863537 477715
433341252 10872
433352124 1441
433353565 489
433354054 4
220065177 215474423
435539600 66315
435605915 786
435606701 998351
436605052 873488
437478540 401
222983936 222061879
445045815 277631
445323446 999
445324445 1
445324446 3993404
449317850 352728
449670578 2882
449673460 463
225991713 225991713
451983426 100046
452083472 1441
452084913 882
452085795 2
230646191 228333608
458979799 375404
459355203 2882
459358085 791
459358876 666506
460025382 2882
460028264 1441
460029705 433
460030138 2
230662440 230662440
461324880 119865
461444745 999
461445744 233
231611997 230983045
462595042 180798
462775840 999
462776839 261
462777100 2
462777102 1996702
464773804 142414
464916218 999
464917217 140
236063859 230983045
467046904 126680
467173584 999
467174583 413
467174996 2
467174998 1996702
469171700 998351
470170051 363099
470533150 327
470533477 3993404
474526881 311350
474838231 2882
474841113 458
474841571 547413
475388984 6285
475395269 699
475395968 1
475395969 386040
475782009 946
475782955 1
475782956 1996702
477779658 332726
478112384 946
478113330 1
478113331 998351
479111682 528901
479640583 401
479640984 2
479640986 165337
479806323 2882
479809205 1441
479810646 539
240993087 240993087
481986174 230731
482216905 723
482217628 721247
482938875 5764
482944639 413
482945052 1
482945053 3993404
486938457 976499
487914956 651
487915607 1
487915608 998351
488913959 957758
489871717 2882
489874599 83
489874682 9
489874691 2
489874693 998351
490873044 43166
490916210 1441
490917651 999
490918650 41
490918691 9
490918700 2
490918702 245266
491163968 6285
491170253 446
246911755 245565862
492477617 544604
493022221 1441
493023662 726
493024388 7
493024395 1
248029260 248029260
496058520 687359
496745879 7726
496753605 143
496753748 1
496753749 373606
497127355 692
497128047 1
497128048 1996702
499124750 828581
499953331 20250
499973581 350
499973931 2
499973933 1
257199677 245565862
502765539 176537
502942076 824
502942900 1
502942901 458808
503401709 5764
503407473 446
503407919 1
503407920 164262
503572182 17
503572199 1
503572200 3993404
507565604 113528
507679132 2882
507682014 999
507683013 193
507683206 1996702
509679908 458808
510138716 7937
510146653 149
510146802 2
510146804 253028
510399832 7937
510407769 585
510408354 4
510408358 1996702
512405060 91694
512496754 405
512497159 2
259702476 257482644
517185120 47638
517232758 692
517233450 1
517233451 951957
518185408 629
518186037 5
261399121 261399121
522798242 404945
523203187 537
523203724 1
523203725 458808
523662533 10872
523673405 17
262533986 262533986
525067972 557279
525625251 408
525625659 2
525625661 1
525625662 998351
526624013 60314
526684327 982
264449398 263532337
527981735 165337
528147072 2882
528149954 569
528150523 2
270756252 263532337
534288589 342404
534630993 2882
534633875 754
534634629 305648
534940277 2882
534943159 875
534944034 1
270756252 265630051
536386303 126680
536512983 999
536513982 143
536514125 2
536514127 406160
536920287 2882
536923169 1441
536924610 999
536925609 380
536925989 1
536925990 3993404
540919394 207168
541126562 204
541126766 1
541126767 735449
541862216 1441
541863657 999
541864656 380
541865036 2
541865038 1
541865039 547413
542412452 692
542413144 2
542413146 802819
543215965 2882
543218847 269
543219116 1996702
545215818 21511
545237329 2882
545240211 67
545240278 32288
545272566 726
545273292 2
278282163 278282163
556564326 305408
556869734 187
556869921 998351
557868272 628515
558496787 133
558496920 2
558496922 702912
559199834 2
559199836 754413
559954249 1441
559955690 373
281885593 281885593
563771186 26746
563797932 111
563798043 1
282636218 282267892
564904110 205727
565109837 124
565109961 2
283560905 282636253
566197158 406160
566603318 2882
566606200 1441
566607641 959
566608600 7
566608607 1
286593207 285533148
572126355 75633
572201988 2882
572204870 488
289129330 289129330
578258660 196969
578455629 712
294903851 294903851
589807702 400122
590207824 355
590208179 2
590208181 1996702
592204883 998351
593203234 238484
593441718 2882
593444600 1441
593446041 41
593446082 9
299795915 294903851
594699766 413
594700179 4
300794266 299795915
600590181 439395
601029576 41
601029617 5
601029622 998351
602027973 100046
602128019 1441
602129460 213
602129673 2
602129675 715701
602845376 380
602845756 2
602845758 1
306445989 303177583
609623572 191325
609814897 140
609815037 1
609815038 1996702
611811740 810486
612622226 1441
612623667 224
612623891 2
309316368 307444340
616760708 793288
617553996 2882
617556878 1441
617558319 203
311464407 308318017
619782424 824322
620606746 1441
620608187 397
620608584 2
620608586 1
620608587 998351
621606938 152704
621759642 83
621759725 9
621759734 2
621759736 998351
622758087 165337
622923424 2882
622926306 340
622926646 4
316601288 311571840
628173128 998351
629171479 210362
629381841 161
629382002 5
629382007 1
629382008 1996702
631378710 998351
632377061 703476
633080537 6285
633086822 999
633087821 261
326226504 313602336
639828840 998351
640827191 191325
641018516 196
641018712 5
641018717 3993404
645012121 646162
645658283 1441
645659724 549
645660273 2
645660275 998351
646658626 433909
647092535 999
647093534 9
647093543 1
647093544 1996702
649090246 998351
650088597 684084
650772681 30
650772711 2
650772713 1
650772714 342404
651115118 2882
651118000 300
651118300 7
651118307 1
327832636 327832636
655665272 998351
656663623 113528
656777151 1441
656778592 999
656779591 213
656779804 155063
656934867 2882
656937749 848
656938597 319085
657257682 7937
657265619 75
657265694 998351
658264045 61870
658325915 1441
658327356 83
658327439 5
658327444 319085
658646529 2882
658649411 999
658650410 143
658650553 1
330655235 330655235
661310470 389047
661699517 148
661699665 998351
662698016 305648
663003664 2882
663006546 999
663007545 246
663007791 3993404
667001195 615810
667617005 300
667617305 2
667617307 1996702
669614009 227782
669841791 514
669842305 9
335928412 334930061
670858473 500378
671358851 1441
671360292 96
671360388 1
337679670 336322291
674001961 494660
674496621 149
674496770 5
674496775 1
674496776 828581
675325357 7937
675333294 1441
675334735 999
675335734 227
675335961 2
675335963 1
341205638 338551874
679757512 998351
680755863 851976
681607839 2882
681610721 820
681611541 2
681611543 998351
682609894 71116
682681010 2882
682683892 172
682684064 1
342630613 341205638
683836251 65201
683901452 190
683901642 1
683901643 3993404
687895047 253028
688148075 10872
688158947 2882
688161829 103
348892657 341359593
690252250 916322
691168572 1441
691170013 643
691170656 4
691170660 957758
692128418 6285
692134703 340
692135043 2
692135045 1996702
694131747 998351
695130098 864187
695994285 2882
695997167 1441
695998608 911
695999519 2
695999521 828581
696828102 21511
696849613 300
696849913 5
696849918 1
696849919 528901
697378820 6285
697385105 41
697385146 7
697385153 1
697385154 998351
698383505 338964
698722469 1441
698723910 999
698724909 96
698725005 2
351995950 351995950
703991900 998351
704990251 279118
705269369 611
705269980 5
705269985 284188
705554173 2882
705557055 1441
705558496 691
705559187 3993404
709552591 332337
709884928 14
356469713 354473011
710942724 223842
711166566 249
711166815 2
711166817 1
711166818 89305
711256123 999
711257122 413
711257535 2
711257537 1
711257538 414631
711672169 1441
711673610 648
356469713 356469713
712939426 133576
713073002 2882
713075884 1441
713077325 776
713078101 2
713078103 1
358103463 358103463
716206926 305648
716512574 2882
716515456 1441
716516897 196
364209046 358429790
722638836 684084
723322920 999
723323919 249
723324168 5
723324173 7986808
731310981 628515
731939496 300
731939796 727841
732667637 330
732667967 1
732667968 596028
733263996 7726
733271722 193
733271915 2
733271917 3993404
737265321 100046
737365367 2882
737368249 999
737369248 7
370558140 369559789
740117929 793288
740911217 6285
740917502 999
740918501 350
740918851 2
740918853 1
740918854 47638
740966492 10872
740977364 999
740978363 350
740978713 2
740978715 1996702
742975417 998351
743973768 703476
744677244 7937
744685181 355
744685536 998351
745683887 284188
745968075 5764
745973839 69
745973908 2
745973910 735449
746709359 680
746710039 2
378096885 370663709
748760594 998351
749758945 896920
750655865 590
750656455 1
750656456 802819
751459275 2882
751462157 684
751462841 738427
752201268 83
752201351 9
752201360 2
752201362 1
752201363 998351
753199714 126680
753326394 1441
753327835 863
753328698 4
753328702 687359
754016061 2882
754018943 1441
754020384 999
754021383 111
754021494 2
754021496 998351
755019847 783261
755803108 470
755803578 1
380004263 380004263
760008526 160418
760168944 1441
760170385 117
760170502 687359
760857861 859
385689782 378373402
764063184 715701
764778885 211
764779096 1
385689782 381260302
766950084 864187
767814271 706
767814977 3993404
771808381 253028
772061409 7937
772069346 999
772070345 24
772070369 86423
772156792 1441
772158233 291
772158524 2
772158526 1
772158527 160418
772318945 1441
772320386 405
772320791 1
386971623 386688133
773659756 215144
773874900 1441
773876341 999
773877340 190
773877530 1
773877531 12184186
786061717 122747
786184464 177
786184641 2
786184643 196969
786381612 1441
786383053 999
786384052 269
786384321 4
786384325 80291
786464616 1441
786466057 355
396839570 392664845
789504415 119865
789624280 999
789625279 328
789625607 998351
790623958 778708
791402666 1441
791404107 687
398579689 396839570
795419259 703476
796122735 300
796123035 2
796123037 1996702
798119739 47638
798167377 7937
798175314 1441
798176755 350
798177105 1
798177106 1996702
800173808 581118
800754926 380
408826909 397581338
806408247 606573
807014820 2882
807017702 875
807018577 5
807018582 1996702
809015284 375404
809390688 1441
809392129 936
809393065 2
809393067 1
809393068 998351
810391419 448125
810839544 2882
810842426 1441
810843867 111
810843978 1
810843979 1996702
812840681 998351
813839032 342404
814181436 2882
814184318 216
409205194 409205194
818410388 998351
819408739 547413
819956152 5764
819961916 328
819962244 1
415961221 409205194
825166415 998351
826164766 300114
826464880 2882
826467762 83
826467845 2
826467847 659213
827127060 2882
827129942 999
827130941 157
827131098 493707
827624805 246
827625051 1996702
829621753 215144
829836897 1441
829838338 7
829838345 187152
830025497 2882
830028379 859
830029238 2
830029240 1
421372974 419376272
840749246 113528
840862774 2882
840865656 1441
840867097 999
840868096 327
840868423 196969
841065392 2882
841068274 882
841069156 1
841069157 998351
842067508 494660
842562168 1441
842563609 755
842564364 5
842564369 1
842564370 891844
843456214 999
843457213 40
843457253 1996702
845453955 213244
845667199 911
845668110 1
427349897 425353195
852703092 337783
853040875 911
853041786 1
853041787 338964
853380751 1441
853382192 585
853382777 2
431542400 428998097
860540497 564510
861105007 999
861106006 384
861106390 2
861106392 998351
862104743 570644
862675387 1441
862676828 999
862677827 365
435539600 432863537
868403137 61870
868465007 204
868465211 5
868465216 1
868465217 564510
869029727 590
869030317 4
869030321 998351
870028672 280608
870309280 999
870310279 360
870310639 2
870310641 1
870310642 998351
871308993 133576
871442569 6285
871448854 827
871449681 1
871449682 1996702
873446384 66315
873512699 1441
873514140 314
873514454 2
873514456 714076
874228532 562
874229094 2
874229096 998351
875227447 352728
875580175 2882
875583057 1441
875584498 789
875585287 1
875585288 1996702
877581990 253028
877835018 7937
877842955 241
877843196 253028
878096224 6285
878102509 798
445045815 437478941
882524756 1996702
884521458 998351
885519809 319085
885838894 10872
885849766 692
885850458 4
445324446 445324446
890648892 458808
891107700 1441
891109141 999
891110140 83
891110223 9
891110232 1996702
893106934 269517
893376451 2882
893379333 999
893380332 75
451983426 449673923
901657349 998351
902655700 66315
902722015 852
452083472 451983426
904066898 89305
904156203 509
904156712 1
904156713 570327
904727040 196
904727236 2
904727238 3993404
908720642 414631
909135273 999
909136272 69
909136341 4
909136345 998351
910134696 813398
910948094 41
910948135 15
910948150 1
910948151 793288
911741439 2882
911744321 15
459358876 459358876
918717752 100046
918817798 2882
918820680 1441
918822121 553
918822674 4
918822678 754413
919577091 999
919578090 360
919578450 4
919578454 998351
920576805 75633
920652438 1441
920653879 346
920654225 1
920654226 721247
921375473 999
921376472 143
921376615 2
921376617 1
462777102 462777102
925554204 180798
925735002 2882
925737884 149
925738033 2
925738035 1
925738036 3993404
929731440 65201
929796641 224
929796865 1
467046904 464917357
931964261 998351
932962612 570644
933533256 2882
933536138 423
933536561 7
933536568 33729
933570297 286
933570583 2
933570585 305648
933876233 999
933877232 365
933877597 2
767814271 171087326
938901597 3993404
942895001 783261
943678262 2882
943681144 999
943682143 7
943682150 3993404
947675554 173733
947849287 1441
947850728 300
947851028 998351
948849379 180798
949030177 2882
949033059 999
949034058 384
949034442 1
475388984 474841571
950230555 521782
950752337 2882
950755219 738
950755957 2
477779658 477779658
955559316 305648
955864964 2882
955867846 436
955868282 1
479111682 477779658
956891340 20250
956911590 514
956912104 2
956912106 1
956912107 1996702
958908809 342404
959251213 5764
959256977 41
959257018 7
959257025 269517
959526542 6285
959532827 859
481986174 479811185
961797359 300114
962097473 2882
962100355 365
962100720 5
962100725 1
482945053 482945053
965890106 71116
965961222 9
965961231 2
965961233 1
965961234 389047
966350281 1441
966351722 999
966352721 83
966352804 4
966352808 998351
967351159 245266
967596425 1441
967597866 553
967598419 4
967598423 924652
968523075 2882
968525957 1441
968527398 241
968527639 2
968527641 828581
969356222 18809
969375031 787
969375818 1
969375819 86423
969462242 1441
969463683 999
969464682 187
969464869 2
969464871 1996702
971461573 998351
972459924 851976
973311900 2882
973314782 1441
973316223 599
973316822 2
973316824 859725
974176549 1441
974177990 999
974178989 413
974179402 4
490873044 488913959
979787003 425432
980212435 224
980212659 791198
981003857 5
981003862 1
496058520 491170699
987229219 828581
988057800 1441
988059241 999
988060240 300
988060540 5
988060545 1
497128048 497128048
994256096 810486
995066582 177
995066759 9
995066768 414631
995481399 149
995481548 4
499124750 497128048
996252798 999
996253797 436
996254233 1996702
998250935 147309
998398244 1441
998399685 466
998400151 473569
998873720 2882
998876602 168
