4138
1 1
2 2
4 4
8 8
16 16
32 32
64 64
128 128
256 256
512 512
1024 1024
2048 2048
4096 2048
6144 256
6400 128
6528 64
6592 2
6594 6594
13188 13188
26376 1024
27400 256
27656 64
27720 32
27752 4
27756 2
27758 13188
40946 1024
41970 512
42482 256
42738 128
42866 64
42930 32
42962 16
42978 13188
56166 6594
62760 256
63016 8
63024 4
63028 2
63030 1
41970 40946
82916 256
83172 64
83236 16
83252 8
83260 1
83261 6594
89855 2048
91903 128
92031 32
92063 8
92071 4
92075 1
92076 13188
105264 128
105392 64
105456 32
105488 16
105504 8
105512 4
105516 2
105518 1024
106542 512
107054 64
107118 4
107122 1
107123 13188
120311 1024
121335 512
121847 4
121851 1
82916 56166
139082 1024
140106 512
140618 256
140874 8
140882 4
140886 2
140888 1
140889 6144
147033 64
147097 2
147099 1
147100 2048
149148 256
149404 64
149468 32
149500 2
149502 4096
153598 512
154110 256
154366 32
154398 16
154414 4
154418 2
154420 512
154932 256
155188 64
155252 16
155268 2
155270 13188
168458 1024
169482 512
169994 256
170250 16
170266 4
170270 2
170272 1
170273 128
170401 64
170465 16
170481 8
170489 4
170493 2
170495 1
170496 4096
174592 128
174720 32
174752 8
174760 4
174764 1
105264 83261
188525 4096
192621 1024
193645 128
193773 16
193789 8
193797 4
193801 1
193802 6594
200396 1024
201420 512
201932 256
202188 16
202204 4
202208 2
202210 2048
204258 512
204770 128
204898 64
204962 32
204994 16
205010 8
205018 4
205022 2
205024 1
170401 42482
212883 8
212891 2
212893 4096
216989 1024
218013 512
218525 256
218781 32
218813 16
218829 8
218837 13188
232025 4096
236121 1024
237145 512
237657 128
237785 32
237817 2
237819 1
237820 512
238332 8
238340 1
238341 6594
244935 128
245063 8
245071 4
245075 2
245077 1
139082 106542
245624 128
245752 32
245784 4
245788 1
245789 1024
246813 512
247325 64
247389 8
247397 6594
253991 1024
255015 512
255527 64
255591 4
255595 2
255597 1
139082 121852
260934 256
261190 32
261222 16
261238 2
261240 1
140889 140889
281778 2048
283826 1024
284850 512
285362 128
285490 64
285554 16
285570 2
285572 1024
286596 256
286852 128
286980 4
286984 2
286986 4096
291082 1024
292106 64
292170 32
292202 2
292204 2048
294252 512
294764 32
294796 8
170272 154366
324638 6594
331232 4096
335328 128
335456 16
335472 8
335480 4
335484 1
174765 174765
349530 4096
353626 1024
354650 256
354906 64
354970 32
355002 8
355010 2
355012 1
188525 174765
363290 2048
365338 256
365594 64
365658 4
365662 1
365663 6594
372257 2048
374305 1024
375329 512
375841 32
375873 8
375881 1
200396 200396
400792 512
401304 256
401560 128
401688 32
401720 16
401736 8
401744 2
401746 1
401747 512
402259 32
402291 16
402307 1
212883 205025
417908 1024
418932 512
419444 32
419476 4
419480 1
419481 6594
426075 2048
428123 512
428635 128
428763 64
428827 32
428859 16
428875 8
428883 1
401688 40946
232025 218829
450854 4
450858 2
450860 4096
454956 16
454972 8
454980 6594
461574 1024
462598 256
462854 128
462982 64
463046 16
463062 8
463070 4
463074 1
236121 232025
468146 256
468402 128
468530 64
468594 16
468610 4
468614 1
244935 238341
483276 2048
485324 512
485836 128
485964 16
485980 8
485988 1
485989 2048
488037 512
488549 128
488677 8
488685 4
488689 1
488690 6594
495284 2048
497332 512
497844 64
497908 16
497924 8
497932 1
497933 6594
504527 2048
506575 64
506639 16
506655 8
506663 2
506665 13188
519853 1024
520877 64
520941 16
520957 8
520965 4
520969 1
281778 245789
527567 128
527695 64
527759 8
527767 2
527769 1
281778 255015
536793 256
537049 64
537113 32
537145 4
537149 2
537151 6594
543745 1024
544769 64
544833 8
544841 4
544845 2
520957 42962
286596 285572
572168 512
572680 128
572808 64
572872 8
572880 4
572884 2
572886 26376
599262 128
599390 16
599406 8
599414 4
324638 286596
611234 128
611362 16
611378 8
611386 2
611388 1
611389 27758
639147 6594
645741 2048
647789 256
648045 128
648173 64
648237 32
648269 16
648285 8
331232 324638
655870 1024
656894 512
657406 256
657662 128
657790 64
657854 16
657870 8
657878 1
657879 1024
658903 32
658935 16
658951 1
335328 335328
670656 32
670688 16
670704 4
349530 331232
680762 1024
681786 16
681802 8
681810 2
681812 4096
685908 1024
686932 512
687444 256
687700 128
687828 16
687844 8
687852 4
687856 2048
689904 256
690160 4
690164 1
690165 256
690421 64
690485 32
690517 16
690533 2
365338 363290
728628 1024
729652 512
730164 128
730292 64
730356 4
730360 1
365594 365338
730932 32
730964 8
730972 4
730976 2
463074 292170
400792 363290
764082 1024
765106 512
765618 256
765874 128
766002 64
766066 16
766082 8
766090 4
766094 2
766096 1
766097 1024
767121 512
767633 128
767761 16
767777 8
767785 2
767787 1
400792 374305
775097 512
775609 64
775673 4
775677 2
775679 13188
788867 2048
790915 512
791427 32
791459 8
791467 4
791471 2
791473 4096
795569 1024
796593 512
797105 128
797233 64
797297 16
797313 4
797317 2
797319 1
658935 140618
799553 2048
801601 256
801857 128
801985 32
802017 16
802033 4
802037 2
544769 260934
417908 402308
820216 2048
822264 64
822328 8
822336 1
822337 4096
826433 256
826689 16
826705 8
826713 2
826715 2048
828763 1024
829787 512
830299 256
830555 32
830587 16
830603 8
830611 4
830615 1
417908 417908
835816 512
836328 8
836336 4
836340 13188
849528 2048
851576 256
428635 428635
857270 64
857334 32
857366 16
857382 8
857390 1
857391 2048
859439 1024
860463 16
860479 4
860483 2
860485 1
860486 13188
873674 512
874186 256
874442 32
874474 16
874490 8
874498 2
874500 2048
876548 1024
877572 256
877828 64
877892 32
877924 8
877932 1
877933 512
878445 256
878701 32
878733 16
878749 2
878751 1
878752 2048
880800 1024
881824 512
882336 256
882592 16
882608 8
882616 4
882620 2
450860 450860
901720 1024
902744 512
903256 256
903512 64
903576 32
903608 8
903616 2
903618 1
461574 450860
912434 2048
914482 1024
915506 256
915762 32
915794 4
915798 2
468146 463075
931221 512
931733 64
931797 32
931829 16
931845 8
931853 4
931857 2
931859 6594
938453 32
938485 8
483276 468615
951891 2048
953939 256
954195 128
954323 64
954387 32
954419 8
954427 4
954431 2
954433 1
483276 483276
966552 512
967064 256
967320 32
967352 8
967360 2
485324 485324
970648 2
836336 139082
901720 105516
519853 504527
1024380 256
1024636 128
1024764 32
1024796 16
1024812 1
1024813 6594
1031407 6144
1037551 128
1037679 64
1037743 32
1037775 16
1037791 8
1037799 4
1037803 2
1037805 13188
1050993 2048
1053041 1024
1054065 512
1054577 256
1054833 64
1054897 8
1054905 2
1054907 1
1054908 16
1054924 1
801857 255598
797319 291082
874474 218013
563919 537151
1101070 2048
1103118 512
1103630 32
1103662 2
1103664 1024
1104688 128
1104816 32
1104848 4
1104852 2
1104854 6594
1111448 1024
1112472 128
1112600 16
1112616 4
1112620 2
1112622 1
1112623 512
1113135 128
1113263 32
1113295 1
648173 468610
563919 563919
1127838 256
1128094 64
1128158 32
1128190 8
1128198 4
1128202 1
572886 572886
1145772 512
1146284 256
1146540 128
1146668 4
1146672 2048
1148720 64
1148784 32
1148816 8
1148824 4
1148828 6594
1155422 2048
1157470 128
1157598 64
1157662 32
1157694 4
1157698 2
1157700 27758
1185458 2048
1187506 1024
1188530 512
1189042 128
1189170 64
1189234 32
1189266 16
1189282 8
1189290 4
1189294 26376
1215670 256
1215926 128
1216054 8
1216062 1
1216063 4096
1220159 64
1220223 8
1220231 1
1220232 6144
1226376 128
1226504 16
1226520 2
1226522 1
766096 468614
1234710 6594
1241304 2048
1243352 1024
1244376 16
1244392 8
1244400 2048
1246448 512
1246960 64
1247024 8
1247032 2
1247034 1
1247035 128
1247163 64
1247227 32
1247259 16
1247275 8
1247283 4
1247287 2
1247289 128
1247417 32
1247449 8
1247457 13188
1260645 6594
1267239 4096
1271335 256
1271591 128
1271719 32
1271751 16
1271767 8
1271775 4
1271779 2
1271781 6594
1278375 6144
1284519 2
1247227 40946
655870 648293
1304163 2048
1306211 256
1306467 128
1306595 16
1306611 8
1306619 4
1306623 2
1306625 1
656894 656894
1313788 16
1313804 2
670656 647789
1318445 64
1318509 2
878701 442634
1321335 4096
1325431 256
1325687 128
1325815 32
1325847 16
1325863 8
1325871 4
1325875 2
1325877 1
1325878 6594
1332472 1024
1333496 64
1333560 32
1333592 16
1333608 1
1333609 6594
1340203 1024
1341227 1
1341228 6594
1347822 512
1348334 256
1348590 128
1348718 64
1348782 32
1348814 16
1348830 8
1348838 4
1348842 2
1348844 6594
1355438 2048
1357486 256
1357742 64
1357806 32
1357838 1
728628 681812
1410440 512
1410952 128
1411080 64
1411144 16
1411160 8
1411168 2
1411170 1
728628 687444
1416072 128
1416200 32
1416232 8
1416240 1024
1417264 512
1417776 128
1417904 16
1417920 4
1417924 2
1417926 1
1243352 174764
1418116 6594
1424710 2048
1426758 1024
1427782 256
1428038 128
1428166 64
1428230 32
1428262 16
1428278 8
1428286 4
1428290 512
1428802 256
1429058 128
1429186 16
1429202 4
1429206 2
1429208 6594
1435802 4096
1439898 256
1440154 128
1440282 64
1440346 16
1440362 2
1348782 91903
1440685 4096
1444781 16
1444797 4
1444801 6594
1451395 4096
1455491 1024
1456515 512
1457027 128
1457155 32
1457187 8
1220232 253991
1348842 140886
1489728 13188
1502916 2048
1504964 256
1505220 32
1505252 8
1505260 4
1505264 1
1505265 512
1505777 64
1505841 16
1505857 4
1505861 2
1505863 1
1505864 6594
1512458 1024
1513482 256
1513738 32
1513770 4
1513774 1
1513775 1024
1514799 512
1515311 128
1515439 64
1515503 2
1515505 1
764082 764082
1528164 256
1528420 128
1528548 64
1528612 4
1528616 2
767788 767788
1535576 128
1535704 64
1535768 32
1535800 8
1535808 1
1535809 4096
1539905 128
1540033 64
1540097 32
1540129 2
1540131 1
1540132 4096
1544228 512
1544740 128
1544868 32
1544900 2
1544902 128
1545030 32
1545062 2
788867 775679
1564546 2048
1566594 512
1567106 128
1567234 64
1567298 32
1567330 2
1567332 1
1567333 6144
1573477 128
1573605 64
1573669 32
1573701 8
1573709 4
1573713 2
1573715 4096
1577811 512
1578323 16
1578339 1
1578340 6144
1584484 128
1584612 64
1584676 16
1584692 2
797320 797320
1594640 128
1594768 16
1594784 4
1594788 2
805703 801601
1607304 128
1607432 64
1607496 1024
1608520 256
1608776 8
1608784 4
1608788 27758
1636546 2048
1638594 1024
1639618 512
1640130 256
1640386 32
1640418 8
1640426 27758
1668184 256
1668440 128
1668568 64
1668632 1
1668633 4096
1672729 512
1673241 256
1673497 8
1673505 2
1673507 1
849528 828763
1678291 256
1678547 128
1678675 64
1678739 32
1678771 4
1678775 1
1678776 2048
1680824 1024
1681848 512
1682360 8
1682368 4
1682372 2
849528 835816
1685344 256
1685600 128
1685728 64
1685792 4
1685796 2
1685798 1
1685799 6594
1692393 1024
1693417 256
1693673 64
1693737 32
1693769 2
851576 849528
1701104 1024
1702128 128
1702256 16
1702272 8
1702280 4
1702284 2
1702286 1
1427782 292106
1719888 128
1720016 8
1720024 4
1720028 512
1720540 64
1720604 32
1720636 4
1720640 2
1720642 1
873674 859439
1733113 256
1733369 4
1733373 2
1733375 1
876548 873674
1750222 256
1750478 128
1750606 64
1750670 32
1750702 16
1573605 188525
1762130 6400
1768530 32
1768562 4
1768566 2
967362 802017
1769379 2048
1771427 4
1771431 1
1771432 512
1771944 256
1772200 128
1772328 32
1772360 16
1772376 4
1772380 6594
1778974 256
1779230 16
1779246 8
1779254 4
1779258 13188
1792446 6594
1799040 2048
1801088 512
1801600 256
1801856 64
1801920 8
1801928 4
1801932 2
1801934 6594
1808528 128
1808656 8
1808664 2
1808666 1
912434 912434
1824868 128
1824996 2
938453 931859
1870312 6144
1876456 128
1876584 64
1876648 16
1876664 8
1876672 2
951891 938493
1890384 6594
1896978 1024
1898002 512
1898514 256
1898770 128
1898898 32
1898930 16
1824998 83252
1908250 6594
1914844 256
1915100 4
1915104 1
1915105 6594
1921699 128
1921827 64
1921891 32
1921923 8
1921931 4
1921935 2
1921937 1
1513775 428859
1942634 6594
1949228 1024
1950252 16
1950268 8
1950276 2
1950278 13188
1963466 4096
1967562 512
1968074 32
1968106 16
1968122 8
1968130 4
1968134 2
1968136 6594
1974730 512
1975242 256
1975498 128
1975626 64
1975690 32
1975722 16
1975738 8
1975746 4
1975750 2
1975752 1
1750702 232025
1982727 13188
1995915 4096
2000011 1024
2001035 256
2001291 4
2001295 6528
2007823 32
2007855 16
2007871 8
2007879 4
2007883 2
2007885 1
2007886 56166
2064052 1024
2065076 512
2065588 64
2065652 32
2065684 4
2065688 2
2065690 1
2065691 2048
2067739 256
2067995 32
2068027 8
2068035 4096
2072131 128
2072259 8
2072267 4
1799040 286852
2065076 42962
1057455 1057455
2114910 2048
2116958 1024
2117982 256
2118238 128
2118366 64
2118430 16
2118446 8
2118454 2
2118456 1
2118457 13188
2131645 1024
2132669 512
2133181 256
2133437 32
2133469 16
2133485 4
2133489 1
2000011 140618
2140629 27758
2168387 6594
2174981 512
2175493 128
2175621 64
2175685 16
2175701 8
2175709 512
2176221 128
2176349 64
2176413 32
2176445 16
2176461 8
2176469 4
1801934 401720
2203654 1024
2204678 64
2204742 32
2204774 8
1104688 1103664
2208352 256
2208608 16
2208624 8
2208632 2
1111448 1104854
2216302 2048
2218350 512
2218862 32
2218894 16
2218910 8
1116783 1116783
2233566 4096
2237662 512
2238174 128
2238302 64
2238366 32
2238398 16
2238414 8
2238422 4
2238426 2
2238428 1
2238429 6594
2245023 128
2245151 16
2245167 8
2245175 4
2245179 2
2245181 1
1313788 931859
1720024 527770
2247794 27758
2275552 6594
2282146 4096
2286242 1024
2287266 256
2287522 32
2287554 8
2287562 1
1157470 1155422
2312892 256
2313148 32
2313180 4
2313184 1
2313185 13188
2326373 1024
2327397 256
2327653 128
2327781 32
2327813 8
2327821 2
2327823 1
1457155 874500
1185458 1146540
2331998 32
2332030 16
2332046 4
2332050 2
1540132 797313
2337445 512
2337957 256
2338213 64
2338277 16
2338293 8
2338301 4
2338305 1
2338306 13188
2351494 4096
2355590 256
2355846 64
2355910 16
2355926 2
2355928 1024
2356952 32
2356984 16
2357000 8
2357008 4
2357012 1
1189042 1189042
2378084 4
2378088 1
2378089 27758
2405847 4096
2409943 1024
2410967 256
2411223 128
2245647 170465
2416112 4096
2420208 512
2420720 128
2420848 64
2420912 16
2420928 4
2420932 2
1216063 1216063
2432126 1024
2433150 16
2433166 4
2433170 2
2433172 256
2433428 16
2433444 8
2433452 2
2433454 1
2433455 4096
2437551 512
2438063 128
2438191 32
2438223 16
2438239 4
2438243 2
1226376 1216063
2442439 512
2442951 256
2443207 128
2443335 64
2443399 4
2443403 2
2443405 1
2443406 13188
2456594 2048
2458642 512
2459154 32
2459186 16
2459202 4
2459206 2
2459208 1
1260645 1247457
2508102 2048
2510150 512
2510662 256
2510918 8
2510926 2
2510928 1
2510929 2048
2512977 512
2513489 128
2513617 64
2513681 32
2513713 4
1260645 1260645
2521290 256
2521546 128
2521674 32
2521706 4
2521710 2
2007823 520965
2528788 2048
2530836 1024
2531860 512
2532372 256
2532628 128
2532756 4
2532760 1
1429186 1104688
1284519 1278375
2562894 512
2563406 128
2563534 32
2563566 4
2563570 2
1693417 874186
2567603 512
2568115 64
2568179 32
2568211 16
2568227 2
2568229 1
1304163 1284521
2588684 2048
2590732 1024
2591756 256
2592012 64
2592076 16
2592092 8
2592100 4
2592104 1
1733369 860479
2593848 6594
2600442 128
2600570 2
1801934 801601
2603535 256
2603791 128
2603919 64
2603983 32
2604015 16
2604031 8
2604039 4
1578339 1057455
1325878 1325878
2651756 1024
2652780 512
2653292 256
2653548 128
2653676 64
2653740 16
2653756 8
2653764 1
1340203 1333609
2673812 512
2674324 256
2674580 64
2674644 32
2674676 2
2674678 1
1340203 1340203
2680406 16
2680422 4
2680426 2
2680428 2048
2682476 64
2682540 32
2682572 8
2682580 4
1921937 767633
1355438 1355438
2710876 256
2711132 64
2711196 32
2711228 4
2711232 2
2711234 2048
2713282 1024
2714306 256
2714562 128
2714690 32
2714722 8
2714730 1024
2715754 512
2716266 256
2716522 64
2716586 16
2716602 8
2716610 4
2716614 2
2716616 1
2716617 4096
2720713 512
2721225 32
2721257 16
2721273 4
2721277 2
2721279 4096
2725375 512
2725887 128
2726015 8
2726023 4
2726027 2
2726029 1
1720636 1007236
2442951 286596
1682360 1054925
1410440 1333609
2744049 256
2744305 128
2744433 64
2744497 32
2744529 8
2744537 2
2604031 147099
2751130 6400
2757530 32
2757562 16
2757578 4
2757582 1
2680428 83252
1410440 1355438
2765878 1024
2766902 64
2766966 8
2766974 4
2766978 2
1567298 1220223
2787521 1024
2788545 128
2788673 64
2788737 8
2788745 4
2788749 2
2788751 6594
2795345 2048
2797393 1024
2798417 512
2798929 128
2799057 16
2799073 1
2799074 13188
2812262 1024
2813286 64
2813350 32
2813382 16
2813398 4
2813402 2
2459186 355012
2814198 1024
2815222 128
2815350 64
1416240 1416240
2832480 128
2832608 64
2832672 32
2832704 16
2832720 8
2832728 2
1417264 1417264
2834528 8
2834536 4
2834540 1
2713282 121852
1424710 1418116
2842826 1024
2843850 512
2844362 256
2844618 128
2844746 32
2844778 16
1440685 1440685
2881370 512
2881882 256
2882138 128
2882266 64
2131645 775097
2438191 468614
1733373 1189294
2922667 1024
2923691 128
2923819 64
2923883 2
2923885 13188
2937073 1024
2938097 256
2938353 128
2938481 64
2938545 16
2938561 2
2065690 882620
2948310 6144
2954454 32
2954486 16
2954502 8
2954510 4
2954514 2048
2956562 1024
2957586 256
2957842 64
2957906 16
2957922 8
2957930 4
2957934 256
2958190 64
2958254 32
2958286 1
2958287 6144
2964431 8
2964439 4
2964443 2
2964445 6594
2971039 2048
2973087 1024
2974111 512
2974623 256
2974879 128
2975007 64
2975071 32
2975103 8
2975111 2
2975113 2048
2977161 512
2977673 256
2977929 128
2978057 64
2978121 8
2978129 2
2978131 256
2978387 64
2978451 32
2978483 4
2978487 2
2978489 6594
2985083 4096
2989179 1024
2990203 64
2990267 32
2990299 16
2990315 8
2990323 4
2990327 2
2990329 1
2990330 4096
2994426 64
2994490 32
2994522 8
2994530 4
2994534 2
2994536 1
2994537 2048
2996585 1024
2997609 128
2997737 64
2997801 4
2716266 286596
3002862 4096
3006958 512
3007470 256
3007726 8
3007734 4
3007738 1
2653765 355010
1505864 1505864
3011728 1024
3012752 32
3012784 4
3012788 2
2726023 294804
2332046 690165
1528164 1502916
3031080 256
3031336 128
3031464 64
3031528 32
3031560 8
3031568 4
3031572 2
3031574 1
3031575 2048
3033623 64
3033687 32
3033719 8
3033727 2
3033729 1
2437551 599406
3036957 2048
3039005 512
3039517 64
3039581 32
3039613 16
3039629 1
3039630 6594
3046224 4096
3050320 512
3050832 128
3050960 8
2716266 335480
2588684 463074
2600572 468594
2355846 730361
1564546 1535809
3100355 2048
3102403 1024
3103427 128
3103555 64
1564546 1540097
3104643 16
3104659 2
3104661 1
2653676 488690
3142366 1024
3143390 512
3143902 128
3144030 64
3144094 32
3144126 4
2116958 1037805
1584484 1573605
3158089 16
3158105 4
1584484 1578340
3162824 512
3163336 256
3163592 8
3163600 2
3163602 1
1594640 1578340
3172980 2048
3175028 512
3175540 32
3175572 8
3175580 2
1608788 1567330
3176118 4096
3180214 32
3180246 16
3180262 8
3180270 2
1607304 1594790
3202094 2048
3204142 256
3204398 32
3204430 16
3204446 4
3204450 1
1636546 1584694
3221240 4096
3225336 1024
3226360 512
3226872 256
3227128 32
3227160 16
3227176 8
3227184 2
3227186 2048
3229234 1024
3033687 212883
3246570 13188
3259758 512
3260270 32
3260302 2
3260304 1
2990203 291082
2938561 354650
3293211 27400
3320611 128
3320739 4
3320743 1
2716522 611388
1668633 1668633
3337266 1024
3338290 256
3338546 128
3338674 16
3338690 4
3338694 6144
3344838 128
3344966 64
3345030 16
3345046 4
3345050 2
1672729 1672729
3345458 64
3345522 16
3345538 8
3345546 1
2832728 537145
3369873 6594
3376467 128
3376595 32
3376627 4
3376631 2
3022211 355013
1693417 1692393
3385810 32
3385842 8
3385850 1
2721277 690160
1719888 1702287
3422175 1024
3423199 256
3423455 128
3423583 64
3423647 16
3423663 512
3424175 256
3424431 128
3424559 32
3424591 16
3424607 4
3424611 2048
3426659 1024
3427683 512
3428195 128
3428323 32
3428355 16
3428371 8
3428379 1024
3429403 128
3429531 64
3429595 32
3429627 16
3429643 4
3429647 2
3429649 1
3429650 13188
3442838 4096
3446934 1024
3447958 512
3448470 256
3448726 4
2788745 670704
3459449 2048
3461497 1024
3462521 128
3462649 64
3462713 16
3462729 8
2007879 1455491
3463370 13188
3476558 4096
3480654 128
3480782 32
3480814 8
3480822 4
3480826 2
3480828 1
1762130 1750718
3512848 4096
3516944 512
3517456 128
3517584 64
3517648 16
3517664 8
3517672 2
3517674 1
3517675 40946
3558621 256
3558877 64
3558941 8
3558949 1
3558950 6594
3565544 64
3565608 16
3565624 8
3565632 13188
3578820 256
3579076 128
3579204 64
3579268 32
3579300 4
3579304 2
3579306 2048
3581354 1024
3582378 256
3582634 128
3582762 64
3582826 32
3582858 16
3582874 4
3582878 2
3582880 1
3582881 6594
3589475 1024
3590499 512
3591011 128
3591139 64
3591203 32
3591235 8
3591243 2
2721279 878701
3599980 256
3600236 128
3600364 64
3600428 16
3600444 8
3600452 1
1808528 1801934
3610462 2048
3612510 256
3612766 32
3612798 4
3612802 2
3612804 1
1808667 1808667
3617334 512
3617846 128
3617974 32
3618006 8
3618014 27758
3645772 32
3645804 16
3645820 4
3645824 2
3645826 1
2844362 826705
3671067 4096
3675163 128
3675291 64
3675355 16
3675371 8
3675379 1
1870312 1824998
3695310 2048
3697358 1024
3698382 512
3698894 256
3699150 64
3699214 13188
3712402 4096
3716498 1024
3717522 512
3718034 64
3718098 32
3718130 8
3718138 1
3718139 2048
3720187 1024
3721211 512
3721723 256
3721979 64
3722043 32
3722075 16
3722091 4
3722095 1
3722096 1024
3723120 16
3723136 8
3723144 2
3723146 13188
3736334 1024
3737358 256
3737614 128
3737742 64
3737806 8
3737814 4
2327823 1411168
3618006 147097
1890384 1890384
3780768 1024
3781792 128
3781920 64
3781984 32
3782016 16
3782032 1
3782033 6594
3788627 4096
3792723 1024
3793747 32
3793779 8
3793787 2
3793789 1
1898514 1898002
3796516 256
3796772 128
3796900 64
3796964 16
3796980 8
3796988 2
3796990 1
3144094 690535
2964439 877933
3842372 2048
3844420 1024
3845444 512
3845956 64
3846020 16
3846036 8
3846044 6594
3852638 1024
3853662 256
3853918 64
3853982 32
3854014 16
3854030 8
3854038 4
3338546 520969
3859515 13188
3872703 1024
3873727 32
3873759 16
3873775 4
3873779 2
3345030 537113
3882143 6594
3888737 2048
3890785 256
3891041 64
3891105 16
3891121 1
3891122 2048
3893170 1024
3894194 256
3894450 64
3894514 32
3894546 4
3894550 1
3894551 6594
3901145 2048
3903193 128
3903321 64
3903385 32
3903417 16
3903433 8
3903441 4
3903445 2
3903447 1
3903448 6594
3910042 1024
3911066 32
3911098 2
3911100 1
1975753 1975753
3951506 128
3951634 2
3951636 1
3951637 2048
3953685 512
3954197 256
3954453 128
3954581 64
3954645 32
3954677 16
3954693 8
3954701 4
3954705 1
3859515 105392
1995915 1982727
3978642 6594
3985236 128
3985364 16
3985380 2
3985382 1
3985383 6144
3991527 128
3991655 32
3991687 16
3991703 8
3991711 4
3991715 2
2357013 1640130
2007823 2001295
4009118 512
4009630 256
4009886 128
4010014 16
4010030 4
4010034 2
2064052 1968136
4032188 2048
4034236 512
4034748 256
4035004 128
4035132 64
4035196 16
4035212 8
4035220 4
4035224 2
2067995 1975750
4043745 6594
4050339 2048
4052387 1024
4053411 512
4053923 256
4054179 128
4054307 32
4054339 8
4054347 2
2064052 2007886
4071938 2048
4073986 1024
4075010 512
4075522 128
4075650 64
4075714 16
4075730 8
4075738 4
4075742 2
4075744 1
4075745 2048
4077793 1024
4078817 512
4079329 256
4079585 4
4079589 2
4079591 1
2674644 1418116
2674676 1428286
2085892 2065076
4150968 256
4151224 64
4151288 16
4151304 8
4151312 4
4151316 1
4151317 6144
4157461 16
4157477 4
3442838 730978
4173816 6528
4180344 32
4180376 4
2108038 2085892
4193930 6594
4200524 2048
4202572 1024
4203596 32
4203628 16
4203644 4
4203648 2048
4205696 512
4206208 256
4206464 64
4206528 32
4206560 16
4206576 8
4206584 2
3844420 375881
2813286 1411170
2798417 1429058
4227475 13188
4240663 2048
4242711 128
4242839 64
4242903 4
4242907 1
2131645 2118457
4250102 2048
4252150 16
4252166 8
4252174 1
2133490 2133490
4266980 2048
4269028 1024
4270052 8
4270060 2
4270062 6594
4276656 1024
4277680 512
4278192 256
4278448 8
4278456 2
3007739 1288173
4295912 2048
4297960 512
4298472 256
4298728 32
4298760 8
4298768 2
4298770 1
2990329 1325875
4316204 27758
4343962 2048
4346010 6144
4352154 128
4352282 32
4352314 2
4352316 1
4352317 2048
4354365 512
4354877 64
4354941 32
4354973 16
4354989 1
4354990 13188
4368178 2048
4370226 32
4370258 2
4370260 1
4370261 6144
4376405 32
4376437 8
4376445 4
4376449 2
4376451 13188
4389639 6594
4396233 2048
4398281 512
4398793 256
4399049 128
4399177 16
4399193 1
2208608 2208352
4416960 128
4417088 64
4417152 16
4417168 4
4417172 2
4417174 1
2216302 2208634
4424936 64
4425000 32
4425032 16
4425048 2
4425050 1
4425051 2048
4427099 64
4427163 32
4427195 8
4427203 4
4427207 1
3903448 527770
4431218 4096
4435314 512
4435826 256
4436082 128
4436210 64
4436274 4
4436278 2
2996585 1440282
2233566 2233566
4467132 256
4467388 128
4467516 64
4467580 16
4467596 1
4467597 512
4468109 128
4468237 64
4468301 8
4468309 4
2238302 2238174
4476476 16
4476492 2
4476494 1
4476495 1024
4477519 128
4477647 64
4477711 32
4477743 8
4477751 2
4477753 1
2247794 2247794
4495588 1024
4496612 128
4496740 64
4496804 32
4496836 16
4496852 8
4496860 4
4496864 1
4496865 6594
4503459 1024
4504483 256
4504739 128
4504867 64
4504931 32
4504963 16
4504979 8
4504987 4
4504991 1
2834540 1681848
2456594 2065690
4522284 2048
4524332 512
4524844 64
4524908 32
4524940 8
4524948 4
4524952 2
4524954 1
4010014 520965
3226360 1306623
4532983 42978
4575961 6594
4582555 1024
4583579 512
4584091 64
4584155 16
4584171 2
4584173 1
4582555 6144
4588699 13188
4601887 6594
4608481 2048
4610529 1024
4611553 512
4612065 128
4612193 64
4612257 32
4612289 8
4612297 4
4612301 1
2313185 2313185
4626370 1024
4627394 32
4627426 16
4627442 1
4035226 599406
4634632 2048
4636680 1024
4637704 512
4638216 256
4638472 32
4638504 16
4638520 8
4638528 4
4638532 2
4638534 1
2331655 2327781
4659436 16
4659452 8
4659460 2
4659462 1
2351494 2338306
4689800 1024
4690824 64
4690888 32
4690920 4
4690924 2048
4692972 512
4693484 64
4693548 8
4693556 4
4693560 1
4693561 6594
4700155 2048
4702203 256
4702459 16
4702475 1
4702476 27758
4730234 1024
4731258 512
4731770 32
4731802 8
4731810 4
4731814 1
4731815 13188
4745003 2048
4747051 256
4747307 128
4747435 64
4747499 32
4747531 16
4747547 8
4747555 4
4747559 2
4747561 1
2405847 2351494
4757341 2048
4759389 1024
4760413 256
4760669 8
4760677 2
4760679 1
4151316 611362
4762678 42978
4805656 1024
4806680 512
4807192 64
4807256 32
4807288 2
4807290 1
4747555 63016
2411351 2411351
4822702 512
4823214 256
4823470 16
4823486 4
2416112 2409943
4826055 16
4826071 4
4826075 2
3175540 1668184
4352314 520957
4873271 1024
4874295 512
4874807 128
4874935 8
4874943 2
4874945 512
4875457 8
4875465 1
4477519 402259
4879778 32
4879810 8
4879818 4
4879822 2
3039630 1876672
4916302 4096
4920398 1024
4921422 256
4921678 64
4921742 32
4921774 16
4921790 8
3894450 1037805
4932255 128
4932383 32
4932415 8
4932423 4
4932427 2048
4934475 64
4934539 4
4934543 1
4612193 353626
4747051 237817
4496836 495284
4992120 2048
4994168 512
4994680 256
4994936 128
4995064 32
4995096 16
4995112 2
4995114 2048
4997162 32
4997194 4
4997198 1
4468313 544769
5013082 4096
5017178 512
5017690 64
5017754 16
5017770 8
2744305 2286242
5030547 6594
5037141 1024
5038165 32
5038197 16
5038213 8
5038221 2
5038223 2048
5040271 512
5040783 128
5040911 64
5040975 16
5040991 8
5040999 2
5041001 512
5041513 4
5041517 1
4879818 170489
2958190 2108038
2562894 2508102
5070996 1024
5072020 64
5072084 8
5072092 4
4588699 488037
5076736 6594
5083330 256
5083586 64
5083650 1
5083651 13188
5096839 6594
5103433 2048
5105481 1024
5106505 512
5107017 256
5107273 128
5107401 32
5107433 8
5107441 1
5107442 2048
5109490 256
5109746 128
5109874 32
5109906 16
5109922 8
5109930 4
5109934 2
5109936 1
2766902 2357012
4298771 830611
3345538 1792446
4921422 218837
5140259 1024
5141283 256
5141539 128
5141667 64
5141731 16
5141747 4
5141751 2
5141753 1
5141754 6594
5148348 2048
5150396 256
5150652 128
5150780 32
5150812 4
5150816 1
5150817 13188
5164005 6594
5170599 4096
5174695 1024
5175719 512
5176231 256
5176487 64
5176551 32
5176583 4
5176587 2
5176589 1
5107441 92031
5199472 13188
5212660 1024
5213684 128
5213812 4
5213816 2
5213818 6594
5220412 2048
5222460 1024
5223484 512
5223996 16
5224012 8
5224020 1
4436278 797317
2635794 2635794
5271588 1024
5272612 256
5272868 128
5272996 64
5273060 32
5273092 8
5273100 4
5273104 2048
5275152 1024
5276176 512
5276688 256
5276944 64
5277008 4
5277012 6594
5283606 2048
5285654 256
5285910 32
5285942 16
5285958 2
5285960 1
5285961 6594
5292555 2048
5294603 256
5294859 128
5294987 64
5295051 32
5295083 4096
5299179 1024
5300203 256
5300459 64
5300523 16
5300539 4
5300543 2
2714562 2603983
5318545 2048
5320593 1024
5321617 512
5322129 128
5322257 32
5322289 16
5322305 4
5322309 2
5322311 1
5176583 149500
2975111 2357013
5332124 512
5332636 256
5332892 64
5332956 32
5332988 8
5332996 1
4504483 830587
4417168 931845
5349013 6594
5355607 1024
5356631 512
5357143 256
5357399 64
5357463 2
5357465 4096
5361561 128
5361689 64
5361753 32
5361785 8
5271588 92076
5222460 155252
2710876 2682584
5393460 512
5393972 128
5394100 16
5394116 2
3991527 1417920
5409447 6594
5416041 2048
5418089 512
5418601 256
5418857 64
5418921 16
5418937 8
2721279 2721279
5442558 512
5443070 128
5443198 32
5443230 8
5443238 4
5443242 26376
5469618 512
5470130 64
5470194 4
5470198 2
5470200 1
5470201 6594
5476795 1024
5477819 8
5477827 4
5477831 2
5477833 2048
5479881 512
5480393 256
5480649 4
5480653 2
5480655 1
3422175 2064052
4730234 791459
5521693 6594
5528287 8
5528295 4
5528299 13188
5541487 512
5541999 32
5542031 16
5542047 8
5542055 4
5542059 2
5542061 1
2835134 2726015
4731810 836328
5568138 6594
5574732 128
5574860 64
5574924 2
3007734 2568115
4921790 658951
2812262 2788751
5601013 1024
5602037 512
5602549 32
5602581 4
5602585 1
2812262 2799074
5611336 256
5611592 64
5611656 32
5611688 16
5611704 1
5040911 572886
5613797 2048
5615845 64
5615909 32
5615941 8
5615949 4
5615953 1
5615954 4096
5620050 1024
5621074 512
5621586 256
5621842 32
5621874 16
5621890 1
3031464 2604039
5635503 6594
5642097 1024
5643121 8
5643129 2
4496864 1157662
5654526 1024
5655550 256
5655806 16
5655822 4
5655826 1024
5656850 256
5657106 64
5657170 8
5657178 4
5657182 2
5657184 13188
5670372 32
5670404 1
4151304 1544902
4376451 1325871
5702322 512
5702834 8
5702842 4
5702846 2
5702848 2048
5704896 1024
5705920 256
5706176 16
5706192 4
5706196 26376
5732572 512
5733084 8
5733092 2
5733094 42978
5776072 2048
5778120 1024
5779144 512
5779656 256
5779912 4
5779916 4096
5784012 512
5784524 256
5784780 128
5784908 64
5784972 8
4611553 1185458
5797011 2048
5799059 1024
5800083 128
5800211 64
5800275 8
5800283 1
3579304 2233566
3227176 2593848
5800083 27752
5827835 2048
5829883 1024
5830907 256
5831163 128
5831291 64
5831355 2048
5833403 1024
5834427 128
5834555 64
5834619 16
5834635 2
5834637 2048
5836685 1024
5837709 512
5838221 64
5838285 4
5838289 1
3991703 1876648
4278456 1607304
2954514 2954514
5909028 1024
5910052 32
5910084 16
5910100 2
5910102 6594
5916696 256
5916952 16
5916968 8
5916976 4
5916980 1024
5918004 512
5918516 128
2971039 2964445
5935484 2048
5937532 1024
5938556 256
5938812 16
5938828 4
5938832 4096
5942928 512
5943440 128
5943568 32
5943600 8
5943608 4
2996585 2994537
5991122 32
5991154 16
5991170 8
5991178 2
3675380 2331998
4010034 2000011
3012752 3011728
6024480 512
6024992 32
6025024 8
6025032 2
3462737 2568179
6030916 1024
6031940 128
6032068 64
6032132 4
6032136 2
6032138 2048
6034186 512
6034698 256
6034954 128
6035082 1
3022211 3020827
6043038 64
6043102 16
6043118 2
6043120 1
3033730 3033730
6067460 256
6067716 128
6067844 32
6067876 16
6067892 8
6067900 2
3260270 2813286
6073556 6594
6080150 256
6080406 128
6080534 32
6080566 8
6080574 2
3050320 3046224
6096544 1024
6097568 512
6098080 128
6098208 16
6098224 4
3376627 2725887
3069166 3051758
6120924 4096
6125020 1024
6126044 64
6126108 32
6126140 1
5017778 1112622
5938832 200396
5602581 543745
4612297 1535768
6148065 1024
6149089 32
6149121 16
6149137 4
6149141 2048
6151189 512
6151701 4
6151705 2
6151707 1
4467597 1702272
6169869 6594
6176463 6144
6182607 128
6182735 8
6182743 2
6182745 512
6183257 128
6183385 16
6183401 4
6183405 6594
6189999 2048
6192047 64
6192111 32
6192143 16
6192159 4
6192163 2
6192165 1
3100355 3100355
6200710 1024
6201734 512
6202246 256
6202502 32
6202534 16
6202550 1
6202551 13188
6215739 2048
6217787 128
6217915 64
6217979 32
6218011 16
6218027 8
6218035 4
6218039 2
6218041 1
6218042 6594
6224636 2048
6226684 512
6227196 16
6227212 4
3142366 3086207
6228573 256
6228829 128
6228957 16
6228973 8
6228981 2
6228983 1
3991703 2238366
5083586 1157700
4054179 2218918
3144130 3144130
6288260 2048
6290308 1024
6291332 32
6291364 16
6291380 2
6291382 1
3154763 3144130
6298893 2048
6300941 128
6301069 64
6301133 16
6301149 8
6301157 1
5655550 648285
6303835 6594
6310429 512
6310941 64
6311005 16
6311021 8
6311029 2
3172980 3158109
6331089 2048
6333137 256
6333393 32
6333425 4
6333429 2
6333431 1
3903447 2433166
3176118 3176118
6352236 256
6352492 64
6352556 32
6352588 16
6352604 8
6352612 4
6352616 2
6352618 1
6352619 6144
6358763 128
6358891 64
6358955 16
6358971 8
6358979 1
6358980 2048
6361028 1024
6362052 512
6362564 256
6362820 128
6362948 64
6363012 16
6363028 1
6363029 6144
6369173 128
6369301 16
6369317 8
6369325 2
6369327 1
4826071 1544902
4807290 1567330
6374620 4096
6378716 512
6379228 4
6379232 2
6379234 1
6218042 169994
5480393 931733
3964907 2456594
4995064 1428038
6423102 6594
6429696 256
6429952 64
6430016 8
5220412 1215926
6436338 6594
6442932 1024
6443956 512
6444468 128
6444596 32
6444628 8
6444636 4
3737806 2711228
6362564 91903
4747561 1733369
4052387 2443335
6151708 354906
6506614 2048
6508662 256
6508918 16
4054349 2459206
3281285 3246570
6527855 6594
6534449 1024
6535473 512
6535985 64
6536049 16
6536065 8
6536073 4
6536077 2
6536079 6594
6542673 2048
6544721 1024
6545745 256
6546001 128
6546129 64
6546193 32
6546225 4
6546229 2
3737358 2813350
6550708 13188
6563896 2048
6565944 1024
6566968 512
6567480 64
6567544 8
6567552 2
6567554 1
3578820 2997609
6576429 13188
6589617 6594
6596211 1024
6597235 512
6597747 256
6598003 128
6598131 64
6598195 8
6598203 4
6598207 6594
6604801 2048
6606849 1024
6607873 512
6608385 256
6608641 128
6608769 32
6608801 4
6608805 1024
6609829 128
6609957 16
6609973 2
6609975 1
6609976 6594
6616570 2048
6618618 512
6619130 64
6619194 32
6619226 16
6619242 4
6619246 2
6619248 6594
6625842 4096
6629938 512
6630450 256
6630706 128
6630834 64
6630898 16
6630914 8
4659436 1974730
6634166 8
3320744 3320744
6641488 512
6642000 128
6642128 64
6642192 2
5107273 1545064
5470200 1189234
6659434 64
6659498 32
6659530 16
6659546 4
5938832 730978
3338694 3338694
6677388 1024
6678412 64
6678476 32
6678508 16
6678524 8
6678532 4
5361793 1333592
6695385 512
6695897 256
6696153 128
6696281 64
6696345 32
6696377 16
6696393 2
6696395 2048
6698443 1024
6699467 512
6699979 256
6700235 128
6301158 401744
3721723 2989179
6710902 13188
6724090 6594
6730684 4096
6734780 1024
6735804 32
6735836 16
6735852 8
6735860 4
6735864 2
6735866 6400
6742266 64
6742330 32
6742362 4
6742366 1
6678536 105392
6783928 6594
6790522 2048
6792570 256
6792826 8
6792834 2
6792836 1
6792837 13188
6806025 4096
6810121 512
6810633 128
6810761 64
6810825 32
6810857 16
6810873 4
6810877 2048
6812925 1024
6813949 32
6813981 2
6813983 2048
6816031 128
6816159 64
6816223 8
6816231 4
6816235 2
6816237 1
4843724 1975753
3422175 3411437
6833612 4096
6837708 512
6838220 32
6838252 16
6838268 1
5318545 1535768
4242908 2653676
5615953 1284521
3459449 3447958
6907407 256
6907663 128
6907791 32
6907823 4
6907827 1
6907828 6144
6913972 128
6914100 64
6914164 32
6914196 13188
6927384 4096
6931480 512
6931992 128
6932120 16
6932136 2
6932138 1
6932139 1024
6933163 512
6933675 256
6933931 128
6934059 16
6934075 4
6934079 2
6934081 1
6934082 42978
6977060 6594
6983654 2048
6985702 512
6986214 64
6986278 32
6986310 8
6986318 2
6986320 42866
7029186 32
7029218 4
3558621 3480654
7039275 64
7039339 32
7039371 16
7039387 8
7039395 4
7039399 2
7039401 512
7039913 128
7040041 32
7040073 8
7040081 1
6352616 690485
5332988 1720642
5542031 1515503
3558621 3512848
7071469 512
7071981 256
7072237 64
7072301 2
7072303 1
7072304 6594
7078898 256
7079154 128
7079282 32
7079314 16
7079330 1
7079331 2048
7081379 128
7081507 16
7081523 8
7081531 4
7081535 2
7081537 1
6914100 170250
7084350 6594
7090944 512
7091456 128
7091584 16
7091600 2
7091602 4096
7095698 1024
7096722 512
7097234 32
7097266 16
7097282 8
7097290 4
7097294 1
7097295 4
7097299 13188
7110487 2048
7112535 512
7113047 256
7113303 128
7113431 8
7113439 4
7113443 2
6361028 767777
3565632 3565632
7131264 1024
7132288 32
7132320 16
7132336 4
7132340 2
7132342 512
7132854 128
7132982 32
7133014 16
7133030 4
7133034 2
6932136 212883
3581354 3579306
7160660 512
7161172 256
7161428 64
7161492 32
7161524 16
7161540 8
7161548 1
3589475 3581354
7170829 512
7171341 256
7171597 128
7171725 64
7171789 32
7171821 8
7171829 2
4997199 2176221
7173420 2048
7175468 512
7175980 128
7176108 8
7176116 4
7176120 1
5106505 2085892
3610462 3591245
7201707 1024
7202731 256
7202987 64
7203051 32
7203083 8
7203091 4
7203095 2
5285961 1921923
4921790 2287266
6735866 520965
5916980 1357486
6310941 967352
5568138 1720643
7029222 261240
7290462 13188
7303650 4096
7307746 1024
7308770 128
7308898 16
7308914 8
7308922 4
7308926 2
6642192 670688
5443238 1876672
7319910 1024
7320934 256
7321190 64
7321254 32
7321286 16
7321302 1
7321303 256
7321559 128
7321687 32
7321719 16
6977060 354650
5654526 1678547
7333073 2048
7335121 512
7335633 64
7335697 32
7335729 16
7335745 2
7335747 1
7335748 2048
7337796 1024
7338820 256
7339076 128
7339204 32
7339236 8
7339244 2
7339246 1
7339247 42978
7382225 1024
7383249 512
7383761 256
7384017 128
7384145 64
7384209 32
7384241 16
7308928 83236
5083651 2327823
4879810 2532628
4376437 3039581
3736334 3723146
7459480 6594
7466074 2048
7468122 1024
7469146 512
7469658 256
7469914 128
7470042 64
7470106 32
7470138 16
7470154 8
7470162 1
5702834 1769379
4477711 2994537
3765103 3716498
7481601 4
7481605 2
7481607 1
5418089 2065690
3765103 3723146
7488249 128
7488377 16
7488393 8
7488401 2
7488403 1
7488404 4096
7492500 512
7493012 256
7493268 128
7493396 64
7493460 32
7493492 16
7493508 8
7493516 4
7493520 2
7493522 1
3951634 3558621
7510255 4096
7514351 1024
7515375 512
7515887 32
7515919 16
7515935 4
7515939 1
3765103 3765103
7530206 2048
7532254 512
7532766 256
7533022 128
7533150 64
7533214 16
7533230 4
7533234 2
7533236 1
7533237 4096
7537333 512
7537845 128
7537973 64
7538037 32
7538069 16
7538085 8
7538093 2
7538095 1
7384257 170272
4731258 2832608
7515887 62760
4496804 3086207
7583011 512
7583523 64
7583587 16
7583603 8
7583611 4
7583615 2
7583617 1
6352588 1243352
4627443 2990299
3834629 3792723
7627352 256
7627608 128
7627736 32
7627768 8
7627776 2
7627778 1
6352618 1278375
7097294 537049
7634343 512
7634855 2
6202550 1440364
7642914 6594
7649508 1024
7650532 64
7650596 32
7650628 2
7470163 193801
7663964 1024
7664988 256
7665244 128
7665372 64
7665436 32
7665468 16
7665484 2
7665486 1
6363029 1304163
7667192 6594
7673786 2048
7675834 512
7676346 256
7676602 128
7676730 64
7676794 32
7676826 8
7676834 4
3842372 3842372
7684744 1024
7685768 512
7686280 256
7686536 128
7686664 64
7686728 32
7686760 16
7686776 8
7686784 2
7686786 1
7686787 27758
7714545 4096
7718641 256
7718897 8
7718905 4
7718909 2
6291332 1429186
6900474 826715
7727189 4096
7731285 128
7731413 64
7731477 16
7731493 8
7731501 4
7731505 1
6609957 1127838
3873727 3872703
7746430 32
7746462 16
7746478 2
7746480 1
6619242 1128094
7731477 26376
6352618 1411080
6659434 1111448
4352317 3429649
7781966 512
7782478 256
7782734 8
7782742 4
7782746 2
7782748 1
5357399 2433428
3901145 3894551
7795696 512
7796208 64
7796272 32
7796304 4
7796308 2
4807192 2990323
3910042 3903448
7813490 4096
7817586 1024
7818610 128
7818738 64
7818802 32
7818834 8
7818842 4
7818846 2
7818848 1
6702902 1145772
7039399 826705
7515939 354970
5272612 2653756
7926368 512
7926880 128
7927008 16
7927024 4
7927028 2
7927030 1
4875457 3051758
3978642 3951637
7930279 256
7930535 32
7930567 16
7930583 4
7930587 2
7930589 1
6609957 1333609
4376437 3582881
5141539 2832720
7515887 463062
7978949 6594
7985543 256
7985799 64
7985863 32
7985895 8
7985903 2
7128805 857270
7986075 1024
7987099 128
7987227 32
7987259 16
4009118 3997143
8006261 4096
8010357 512
8010869 256
8011125 8
8011133 2
8011135 1
6907828 1113296
8021124 6594
8027718 1024
8028742 128
8028870 16
8028886 8
8028894 4
8028898 2
8028900 1
8028901 2048
8030949 256
8031205 128
8031333 64
8031397 32
8031429 8
8031437 4
8031441 1
8031442 56166
8087608 6144
8093752 32
8093784 8
8093792 2
6914196 1185458
8099654 6594
8106248 512
8106760 8
8106768 4
4053923 4053411
8107334 128
8107462 1
8107463 4096
8111559 1024
8112583 512
8113095 256
8113351 128
8113479 64
8113543 32
8113575 8
8113583 4
8113587 512
8114099 256
8114355 128
8114483 2
8114485 1
4071938 4043745
8115683 128
8115811 64
8115875 32
8115907 2
8115909 1
7470042 658903
6618618 1515439
4436280 3698382
7201707 938493
4078817 4078817
8157634 128
8157762 64
8157826 32
4092760 4079592
8172352 256
8172608 64
8172672 16
8172688 8
8172696 4
5621586 2563406
8184992 1024
8186016 512
8186528 32
8186560 16
8186576 4
8186580 2
8186582 1
6513555 1702280
7583611 648045
4636680 3610462
8087608 170489
8258097 1024
8259121 64
8259185 32
8259217 16
8259233 2
8030949 245077
5528299 2757562
8285861 2048
8287909 512
8288421 32
8288453 8
8288461 4
8288465 1
8288466 6594
8295060 2048
8297108 64
8297172 16
8297188 1
4151317 4151317
8302634 128
8302762 64
8302826 16
8302842 8
8302850 2
5733094 2588684
8321778 128
8321906 64
8321970 4
8321974 4096
8326070 1024
8327094 128
8327222 8
8327230 2
8327232 1
4180380 4180380
8360760 4096
8364856 512
8365368 64
8365432 16
8365448 4
8365452 1
8365453 6594
8372047 1024
8373071 512
8373583 128
8373711 32
8373743 8
8373751 4
8373755 2
8373757 1
6696395 1720016
8295060 169994
8465054 1024
8466078 512
8466590 64
8466654 32
8466686 4
6546129 1921931
7161548 1306611
8468159 6594
8474753 1024
8475777 128
8475905 64
8475969 32
8476001 8
8476009 2
8476011 1
8476012 26376
8502388 512
8502900 64
8502964 32
8502996 16
8503012 8
8503020 4
7079282 1435802
8515084 1024
8516108 256
8516364 128
8516492 32
8516524 16
8516540 8
8516548 2
8516550 1
8516551 6594
8523145 4096
8527241 512
8527753 256
8528009 128
8528137 64
8528201 32
8528233 16
8528249 4
8528253 1
5784908 2751130
8536038 512
8536550 64
8536614 4
8536618 1
4276656 4266980
8543636 1024
8544660 256
8544916 32
8544948 16
8544964 8
8544972 1
4276656 4270062
8546718 128
8546846 64
8546910 32
8546942 16
8546958 8
8546966 4
4496740 4079329
8576069 2048
8578117 64
8578181 32
8578213 4096
8582309 256
8582565 128
8582693 64
8582757 32
8582789 4
8582793 1
7039401 1545064
8584465 2048
8586513 256
8586769 64
8586833 8
6913972 1678547
4745003 3854038
6625842 1975746
4316204 4298771
8614975 4096
8619071 64
8619135 32
8619167 4
8619171 2
8297108 324638
4354365 4278456
6288260 2357000
8645260 128
8645388 64
8645452 2
8645454 512
8645966 256
8646222 128
8646350 32
8646382 8
8646390 4
8646394 2
8646396 1
6792836 1876664
8669500 6594
8676094 2048
8678142 1024
8679166 256
8679422 64
8679486 32
8679518 16
8679534 8
8679542 2
7782746 903616
5541487 3163603
8705090 512
8705602 256
8705858 128
8705986 32
8706018 16
8706034 8
8706042 4
8706046 1
8706047 4096
8710143 1024
8711167 512
8711679 256
8711935 16
8711951 2
8711953 1
5611688 3104643
4368178 4352317
8720495 128
8720623 8
8720631 4
7488403 1243352
4370226 4368178
8738404 1024
8739428 512
8739940 128
8740068 32
6362820 2378088
8740908 6594
8747502 2048
8749550 128
8749678 64
8749742 2
8258097 495284
6228984 2532372
8761356 64
8761420 16
8761436 8
8761444 2
8761446 6594
8768040 2048
8770088 512
8770600 64
8770664 4
8770668 2
8770670 1
5834637 2975113
4610529 4203628
8814157 2048
8816205 512
8816717 128
8816845 16
8816861 8
8816869 2
8816871 1
5779912 3046224
8826136 512
8826648 256
8826904 128
8827032 64
8827096 32
8827128 16
8827144 8
8827152 4
8827156 2
4757341 4075522
8711935 140106
8852041 512
8852553 32
8852585 16
8852601 2
7986075 873674
7538093 1348590
6192166 2714690
7583617 1325871
4760413 4151312
8676094 237145
8913239 1024
8914263 512
8914775 32
8914807 16
8914823 4
8113351 801601
4468313 4468313
8936626 2048
8938674 1024
8939698 64
8939762 32
8939794 16
8939810 8
7583587 1357742
5041518 3903441
7537845 1440364
5107433 3873779
8826648 155268
7720518 1278375
4522284 4516388
9038672 1024
9039696 16
9039712 8
9039720 4
9039724 2
9039726 1
4575961 4532983
9108944 2048
9110992 8
9111000 4
9111004 2
9111006 1
8321906 797320
9119226 2048
9121274 1024
9122298 512
9122810 8
9122818 1024
9123842 512
9124354 64
9124418 16
5072020 4054307
5702834 3428195
4575961 4575961
9151922 4096
9156018 128
9156146 64
9156210 32
9156242 16
9156258 4
9156262 2
9156264 1
9156265 13188
9169453 128
9169581 64
9169645 32
9169677 16
6608801 2563406
6192143 2996585
9188728 6594
9195322 4096
9199418 1024
9200442 256
9200698 128
9200826 64
9200890 32
9200922 2
9200924 1
9200925 1024
9201949 512
9202461 128
9202589 64
9202653 4
9202657 2
6369317 2834541
6182745 3033623
9216368 4096
9220464 128
9220592 32
9220624 8
9220632 4
9220636 1
4626370 4608481
9234851 512
9235363 256
9235619 64
9235683 32
9235715 16
9235731 2
9235733 1
6228573 3007738
8011125 1226520
9237645 2048
9239693 512
9240205 32
9240237 2
4626370 4626370
9252740 32
9252772 2
8111559 1148816
5702322 3558941
5733094 3558941
8365368 931733
4689800 4638535
9328335 2048
9330383 1024
9331407 512
9331919 64
9331983 4
7203051 2140629
9343680 2048
9345728 1024
9346752 256
9347008 32
9347040 8
9347048 4
9347052 2
9347054 1024
9348078 256
9348334 128
9348462 32
9348494 8
9348502 4
9348506 4096
9352602 512
9353114 256
9353370 128
9353498 32
9353530 8
9353538 4
9353542 2
9353544 1
9353545 4096
9357641 1024
9358665 256
6429952 2978483
4730234 4690824
9421058 16
9421074 8
9421082 2
4730234 4693561
9423795 512
9424307 256
9424563 64
9424627 32
9424659 8
9424667 4
6449034 2978489
8113583 1325687
9439270 2048
9441318 512
9441830 64
9441894 16
9441910 4
9441914 1
9441915 2048
9443963 1024
9444987 128
9445115 64
9445179 16
9445195 2
9445197 1
6429952 3020827
9450779 2048
9452827 1024
9453851 512
9454363 128
9454491 64
9454555 32
9454587 16
9454603 4096
9458699 1024
9459723 256
9459979 128
9460107 64
9460171 16
9460187 4
9460191 1
4747051 4747051
9494102 64
9494166 32
9494198 16
9494214 8
9494222 4
8582565 912434
7176116 2327824
9441914 62760
9504674 512
9505186 128
9505314 64
9505378 32
9505410 16
9505426 8
9505434 2048
9507482 1024
9508506 128
9508634 64
9508698 32
9508730 4
9508734 2
9508736 1
9424307 89855
9348506 170496
4805656 4731815
9537471 6594
9544065 512
9544577 256
9544833 64
9544897 32
9544929 16
8582794 967352
8740100 826713
6735866 2832704
9353542 237785
9591327 6594
9597921 4096
9602017 1024
9603041 256
9603297 64
9603361 32
9603393 2
8010357 1594640
9604997 1024
9606021 16
9606037 4
9606041 2
9606043 1
4822702 4805656
9628358 256
9628614 128
9628742 64
9628806 32
9628838 16
9628854 8
9628862 2
9628864 1
9628865 6594
9635459 2048
9637507 1024
9638531 64
9638595 32
9638627 8
9638635 4
9638639 6594
9645233 8
9645241 4
9508634 154110
9662744 26376
9689120 128
9689248 64
9689312 16
9689328 2
9689330 1
4873271 4823490
9696761 1024
9697785 512
9698297 128
9698425 32
9698457 16
9698473 8
9698481 1
9454491 245071
9699562 6594
9706156 2048
9708204 1024
9709228 256
9709484 64
9709548 16
9709564 8
9709572 4
9709576 2
9709578 4096
9713674 512
9714186 64
9714250 8
9714258 2
9714260 13188
9727448 4096
9731544 512
9732056 128
9732184 16
9732200 4
9732204 1
8705090 1050993
9756083 6594
9762677 2048
9764725 1024
9765749 256
9766005 64
9766069 32
9766101 16
9766117 8
9766125 4
9766129 27758
9793887 512
9794399 128
9794527 64
9794591 16
9794607 8
9794615 4
9794619 2
8646397 1155422
9766129 42962
9809091 2048
9811139 1024
9812163 512
9812675 256
9812931 4
9812935 13188
9826123 1024
9827147 256
9827403 128
9827531 32
9827563 2
9827565 1
8582794 1271719
4934544 4934544
9869088 2048
9871136 1024
9872160 512
9872672 256
9872928 128
9873056 64
9873120 8
9873128 4
9873132 2
9873134 1
4965819 4921798
9887617 6594
9894211 1024
9895235 512
9895747 256
9896003 64
9896067 8
9896075 4
9896079 2
9896081 1
8215835 1680824
9896659 4096
9900755 512
9901267 256
9901523 32
9901555 8
9901563 4
9901567 2
8646394 1278375
9924769 4096
9928865 32
9928897 8
9928905 1
9928906 4096
9933002 256
9933258 128
9933386 64
9933450 32
9933482 8
9933490 2
6598131 3338694
6742367 3204398
8711679 1244392
9873120 83261
9504674 454980
9959654 2048
9961702 512
9962214 2
9962216 1
4984868 4984868
9969736 2048
9971784 1024
9972808 256
9973064 128
9973192 16
9973208 8
9973216 4
9973220 1
9973221 6594
9979815 64
9979879 32
9979911 8
9979919 4
7665487 2327781
