2005
1 1
2 2
4 4
8 8
16 2
18 1
19 19
38 19
57 8
65 4
69 19
88 4
92 1
93 8
101 101
202 19
221 1
202 202
404 16
420 222
642 19
661 4
665 1
665 69
642 222
864 19
883 8
891 1
892 101
993 4
997 2
999 19
1018 4
1022 1
864 642
1506 8
1514 4
1518 2
1520 1520
3040 222
3262 38
3300 16
3316 222
3538 38
3576 16
3592 1
3593 222
3815 65
3880 1520
5400 420
5820 69
5889 4
5893 1
5894 1023
6917 101
7018 19
7037 8
7045 1
5400 3815
9215 38
9253 4
9257 2
9259 642
9901 8
9909 2
9911 420
10331 38
10369 8
10377 2
10379 1
5894 5894
11788 69
11857 2
11859 1
11860 420
12280 8
12288 4
12292 2
12294 892
13186 69
13255 1
13256 222
13478 101
13579 38
13617 8
13625 222
13847 19
13866 1
7046 7046
14092 19
14111 8
14119 2
14121 1
14122 1520
15642 222
15864 38
15902 4
15906 2
15908 1023
16931 222
17153 69
17222 734
17956 65
18021 65
18086 2
9901 9259
19160 222
19382 19
19401 4
19405 2
18021 1506
10377 10369
20746 4
11788 9215
21003 19
21022 8
21030 2
21032 222
21254 19
21273 16
21289 222
21511 69
21580 8
21588 2
21590 420
22010 8
22018 4
22022 2
11857 11788
23645 38
23683 8
23691 4
23695 1
23696 101
23797 38
19527 6917
26444 222
26666 38
26704 2
26706 734
27440 16
27456 1
15642 13847
29489 4
29493 2
29495 1
15642 14122
29764 69
29833 4
29837 734
30571 8
30579 4
30583 101
30684 8
30692 4
30696 3880
34576 38
34614 4
34618 1
17956 16931
34887 4
19160 18088
37248 420
37668 101
37769 38
37807 4
37811 1520
39331 101
39432 19
39451 16
39467 1
27457 12288
20746 19160
39906 19
39925 4
39929 2
39931 1
39932 38
39970 8
39978 2
39980 1
23645 21032
44677 221
44898 420
45318 101
45419 69
45488 1
45489 642
46131 2
46133 1
46134 892
47026 69
47095 8
47103 4
47107 2
23835 23645
47480 666
48146 19
48165 4
48169 1023
49192 101
49293 19
49312 222
49534 69
49603 2
49605 1
49606 1
49607 222
49829 69
49898 8
49906 2
49908 1
49909 7046
56955 8
56963 4
56967 2
56969 1
56970 864
57834 4
57838 2
57840 404
58244 8
29496 29496
58992 69
59061 2
59063 1
59064 222
59286 57
59343 2
30684 30684
61368 4
61372 2
61374 1
61375 1520
62895 420
63315 101
63416 4
49898 13866
34576 29764
64340 38
64378 2
64380 1
61368 3880
45489 21030
56963 14092
71055 666
71721 19
71740 4
71744 2
71746 420
72166 19
72185 8
72193 2
72195 1
72196 420
72616 202
72818 4
72822 2
72824 1
59064 14119
73183 666
73849 65
73914 2
73916 222
74138 57
73914 1518
72185 3262
45419 30692
76111 101
76212 57
76269 1
39331 37248
76579 65
76644 2
76646 222
76868 57
76925 1
76926 202
73849 3576
62895 15908
78803 57
78860 2
78862 1
78863 666
79529 38
79567 8
79575 2
79577 1
79578 101
79679 69
79748 16
63416 17153
80569 222
80791 101
80892 4
80896 1
44677 37248
81925 222
82147 101
64340 18021
79577 3576
83153 1520
84673 1023
85696 101
85797 38
85835 8
85843 4
76579 10377
56955 30571
87526 420
87946 101
88047 57
88104 4
88108 2
88110 1
88111 101
88212 38
88250 8
88258 4
88262 1
45318 44898
90216 88
90304 1
90216 202
90305 1518
91823 69
91892 18
75447 19382
94829 1520
96349 222
96571 38
96609 8
96617 1
96609 420
97029 3040
100069 19
100088 4
100092 2
78860 21588
100448 404
100852 4
100856 1
56955 45318
102273 69
102342 8
102350 2
102352 1
56963 45489
102452 420
102872 101
102973 38
103011 8
103019 4
103023 2
103023 65
91823 13186
74138 34618
59286 49606
108892 420
109312 101
109413 57
109470 4
109474 2
109476 1
109474 891
110365 420
110785 19
110804 8
110812 2
110814 1
110815 1023
111838 101
111939 19
111958 18
103088 11860
114948 222
115170 19
115189 4
115193 2
115195 1
111939 3592
115531 5894
121425 420
121845 202
122047 8
88110 34614
111939 11860
102872 21003
100448 23683
102273 22010
124283 3040
127323 38
127361 8
127369 2
127371 1
63764 63764
127528 2
127530 1
82147 45489
127528 221
65248 64340
129588 8
129596 4
129600 999
130599 1
66519 64381
130900 69
130969 8
130977 2
127636 3576
131212 92
103025 30579
75447 58252
124283 9911
71055 64381
135436 38
135474 4
135478 2
71055 66519
137574 734
138308 101
138409 19
138428 8
115189 23835
139024 420
139444 101
139545 19
139564 4
139568 222
139790 101
139891 69
139960 4
139964 1520
127749 13867
141616 666
142282 19
142301 8
142309 2
142311 222
142533 38
142571 8
142579 2
142581 1
72166 71746
143912 93
144005 4
144009 1
139024 5894
73849 72616
146465 69
146534 2
146536 1
139891 6917
74138 73849
147987 8
147995 4
147999 1
147987 92
148079 734
148813 38
148851 1
148852 3040
151892 101
151993 38
152031 420
152451 19
152470 2
152472 1
152473 420
152893 8
152901 2
152903 1
152470 734
153204 3593
156797 101
156898 57
156955 4
110785 49534
130600 30571
124283 37807
123875 39970
82248 82147
164395 19
164414 4
164418 2
82361 82361
164722 19
164741 4
164745 1
83153 82147
165300 19
165319 4
165323 2
165325 101
165426 19
165445 8
165453 2
165455 101
165556 69
165625 8
165633 4
165637 2
165639 1
165625 92
146534 19382
91910 74138
165633 642
84673 83153
167826 101
167927 38
167965 8
167973 2
167975 1023
168998 101
169099 38
169137 222
169359 19
169378 16
166275 3316
109413 61368
170781 420
171201 101
171302 2
171304 101
171405 8
171413 1
122047 49607
170781 883
171201 1022
86956 85696
172652 69
172721 4
172725 2
172727 38
172765 4
172769 1
86956 85835
172791 4
172795 222
173017 69
173086 8
173094 4
173098 2
173100 38
173138 16
173154 1520
174674 222
174896 19
174915 18
88111 88111
176222 8
176230 2
148079 29493
90216 88212
178428 4
178432 2
178434 1
178435 1506
91910 88108
171304 9901
181205 642
181847 4
181851 1
167927 14119
151892 30571
165455 19527
184982 1023
186005 222
186227 101
186328 69
186397 8
186405 1
173154 13866
167975 19527
114948 72824
187772 892
188664 65
188729 2
188731 1
188732 101
188833 38
188871 4
188875 2
188877 420
189297 69
189366 1
142581 49192
176230 15642
186405 5893
192298 892
193190 4
193194 1
193195 202
193397 8
193397 1518
168998 26704
110365 85797
138436 58252
196688 420
197108 101
197209 19
197228 1
197229 1520
198749 734
199483 101
199584 1
168998 30692
199690 1023
200713 16
200729 3040
203769 101
203870 19
203889 4
142582 61375
105009 103088
208097 404
208501 57
208558 2
208560 1520
210080 222
210302 38
210340 8
210348 2
210350 3880
214230 420
214650 202
214852 2
115531 100852
216383 1023
217406 92
146808 76212
216383 7037
165445 59345
224790 222
225012 101
225113 4
225117 2
208560 17153
124283 102353
226636 420
227056 101
227157 19
227176 101
227277 65
227342 2
227344 1
227345 3815
231160 8
231168 4
231172 2
231174 1
231175 222
231397 8
231405 2
231407 420
231827 101
231928 57
231985 1
121425 111976
233401 69
233470 4
233474 222
233696 38
233734 2
152903 80892
233795 734
234529 19
234548 8
234556 1
234557 420
234977 93
235070 4
235074 1
235075 666
235741 19
235760 8
235768 4
235772 1520
237292 222
237514 69
237583 4
237587 2
165637 73914
239551 642
240193 16
227056 13617
192298 49312
241610 222
241832 57
241889 4
241893 892
242785 38
242823 8
242831 4
242835 2
242837 1
194915 48146
231827 13255
165323 79764
165916 79567
245483 8
245491 4
245495 1
123799 122724
246523 38
246561 18
246579 222
246801 38
246839 16
246855 1
242837 6917
249754 101
127323 124283
251606 883
252489 1
233736 19382
253118 101
127749 127636
255385 38
255423 8
255431 4
255435 1
174933 80569
255502 420
255922 101
256023 19
256042 8
256050 2
256052 1
235074 21032
210302 46134
256436 3593
260029 19
260048 18
246523 14111
234556 27456
262012 1023
251606 11859
237589 26706
189297 75432
264729 892
265621 8
265629 4
265633 1
193194 76868
188833 82361
231985 39467
271452 222
271674 8
271682 1
172223 100092
272315 69
139568 133604
273172 222
273394 101
273495 19
273514 101
273615 38
273653 8
273661 2
273663 1
273664 3316
276980 69
277049 864
277913 2
277915 1
277916 999
278915 16
278931 1
156898 122724
233795 46131
141484 139964
281448 999
282447 8
282455 4
282459 1
272315 10377
264729 19382
234529 49909
282455 3316
285771 222
285993 65
186406 100069
286475 420
286895 69
286964 4
286968 1
279622 9259
227056 62895
146465 144010
290475 69
290544 4
271683 19382
291065 420
291485 57
291542 4
291546 2
291548 892
292440 57
292497 2
191773 102350
148813 148079
296892 101
296993 88
297081 2
253118 47480
300598 1520
302118 892
303010 2
256052 49603
297083 9901
286968 20746
156797 152904
309701 202
309903 16
309919 1
309919 3040
312959 3316
316275 2
316277 1520
317797 999
318796 8
318804 4
318808 2
318810 666
319476 4
256042 64380
320422 222
320644 101
320745 69
320814 1
320815 93
286475 34618
226636 96617
320815 3815
320908 3880
324788 883
285993 39929
163845 163845
327690 88
327778 2
164420 164420
328840 2
328842 1
328843 420
329263 101
329364 8
329372 4
319480 9909
265634 63764
233696 96349
188732 142309
255423 81925
255385 82147
168998 168998
337996 65
338061 2
338063 864
338927 8
338935 4
338939 1
338940 38
338978 2
290475 49906
338939 1506
340445 222
340667 4
340671 2
340673 1
171654 169378
291542 49534
256106 87946
320745 23835
172770 172770
345540 8
345548 1
345549 892
346441 57
346498 4
346502 2
178434 172725
203957 147995
303012 49908
352920 101
353021 1
353022 1023
354045 222
354267 38
354305 1
351159 3316
182463 174674
357137 892
358029 8
358037 4
358041 2
358043 1
358044 101
358145 4
358149 19
358168 1
354045 5894
187772 172223
273663 88250
361913 420
362333 2
362335 1
340445 23695
353021 13847
358169 9909
368078 222
368300 19
368319 8
368327 1023
369350 222
369572 101
369673 420
370093 2
186005 186005
372010 101
372111 92
323253 49312
338978 34614
242831 130900
246855 127369
193405 181847
375252 734
375986 38
376024 8
376032 4
376036 2
376038 1
358043 21032
358169 22024
191773 188732
380505 19
380524 4
380528 2
380524 18
191773 188877
380650 38
380688 8
380696 4
194915 186328
358145 23691
255922 127372
191872 191872
383744 19
383763 8
383771 4
383775 1
383776 222
383998 38
193190 191872
385062 222
385284 101
385385 69
385454 8
309903 76270
276980 109476
194915 193195
388110 19
388129 4
388133 2
388135 1
291548 96618
195702 194915
390617 420
391037 93
391130 2
391132 1
391133 1023
392156 38
392194 16
290475 102353
223020 171302
358037 37807
225117 171201
385284 13866
277916 121425
399341 1520
400861 222
401083 38
401121 4
231397 171405
256436 146536
402972 3040
406012 202
406214 8
406222 2
406224 1
406225 642
406867 2
406869 1
385462 21588
407050 222
407272 101
407373 38
407411 1023
408434 69
408503 2
242785 166275
370095 39932
260048 152904
260066 152893
412959 1520
414479 734
415213 101
415314 8
415322 4
415326 1
415327 892
416219 69
416288 2
318808 100088
418896 642
419538 18
263035 156959
318808 102452
421260 1023
422283 19
422302 8
422310 4
323253 100092
423345 8
423353 2
423355 1
284111 142579
214650 214650
429300 57
429357 4
368300 61375
217406 216383
433789 222
434011 101
434112 38
434150 8
231174 203889
435063 1520
436583 101
436684 93
436777 4
436781 1
415314 23835
439149 734
439883 57
439940 4
391037 49908
440945 734
441679 101
441780 2
441782 1
407272 34619
320814 122055
442869 38
278915 164418
277916 166048
256023 188731
444754 222
444976 101
445077 16
429361 17153
446514 420
446934 101
447035 38
447073 1
282692 165633
306984 142571
285771 164395
450166 222
450388 101
450489 8
450497 4
225713 225713
451426 38
451464 1
451426 221
415322 39451
265629 189367
441891 14111
380193 76926
457119 420
457539 101
457640 69
457709 8
457717 1
346504 111958
458462 101
458563 8
458571 2
458573 1
458574 734
459308 101
459409 4
459413 2
459415 222
459637 19
459656 2
459658 1
449555 10377
286895 173098
459993 666
460659 4
460663 2
460665 101
460766 69
460835 8
460843 2
325671 135436
383776 77425
451464 10331
461795 1018
449555 14111
450497 14121
290544 174915
465459 642
466101 4
466105 1
466106 420
466526 57
466583 420
467003 38
467041 2
467043 1
436781 30692
302118 165445
234548 234548
469096 4
234977 234529
469506 1
466101 3576
459637 14119
457709 16931
372010 102872
435063 39925
458563 16931
344580 130969
380696 96617
459415 17956
457640 21273
478913 222
479135 101
479236 69
479305 8
479313 2
479315 1
383776 96618
461201 19405
249754 231986
469100 14119
242785 241832
484617 19
484636 8
484644 4
484648 2
447074 37769
358145 127372
446514 39980
486494 892
487386 93
487479 4
487483 2
451465 37811
439940 49909
441780 48169
489949 101
490050 69
490119 8
490127 4
490131 1506
271194 223020
494214 222
494436 16
415322 79575
494897 1
494452 1520
416290 80569
496859 1023
497882 101
497983 93
498076 2
441679 57834
357137 143912
415314 85797
501111 1023
502134 65
392210 110812
503022 93
503115 734
503849 101
503950 4
503954 2
503956 1
252489 251606
504095 38
504133 1
366868 138308
494214 12294
506508 1023
507531 202
507733 8
507741 4
255385 252490
507875 19
507894 8
507902 4
507906 2
507908 221
469506 39331
508837 1520
510357 101
510458 69
510527 8
408503 102350
454996 56967
256436 256436
512872 69
512941 8
512949 2
279622 234556
338940 176222
385062 131212
273661 245491
278932 242831
508837 15908
263465 263035
526500 101
526601 88
526689 1
395844 131212
439944 88250
449555 79578
529133 1520
530653 222
530875 101
530976 19
530995 4
530999 2
531001 1
450166 80896
467473 65248
502199 30692
277916 255922
270062 265634
535696 19
535715 16
535731 734
536465 57
536522 4
536526 2
536528 1023
537551 404
537955 4
537959 1
451464 86956
270062 270062
540124 101
540225 65
540290 2
540292 1
526500 14111
373592 167973
419538 122724
309903 233401
450388 94829
374224 173017
354267 193190
276980 271683
548663 222
548885 38
548923 1
447074 102350
276980 273664
550644 101
550745 57
550802 4
550806 2
460659 90304
550963 1520
552483 420
552903 19
552922 16
460663 96617
370093 188833
391133 167975
450388 108756
459993 100857
422302 139790
421260 142571
537551 26666
564217 222
564439 101
564540 16
284111 282692
566803 420
567223 101
567324 38
567362 16
567378 1
443964 124131
568095 1023
569118 69
569187 8
569195 1
380688 188875
569563 222
569785 38
569823 8
459659 111958
571617 101
571718 16
571734 1
441782 131212
446514 127531
288881 286969
575850 1023
576873 101
576974 4
391130 186406
571718 7018
578736 892
579628 2
346441 233736
508129 72195
580324 892
581216 19
581235 4
581239 1
581240 1520
582760 101
582861 19
406870 178428
585298 1023
586321 69
586390 8
586398 2
459409 127323
357137 231985
589122 5400
594522 69
594591 4
594595 1
594596 38
594634 222
594856 101
594957 65
595022 2
595024 1520
596544 101
596645 19
596664 8
596672 4
596676 2
596678 420
597098 101
597199 8
597207 4
597211 2
510853 88258
526690 72818
325922 273615
474640 127369
602009 1520
603529 221
434112 171654
406867 199483
576978 29495
508837 100856
609693 93
566803 48165
614968 892
615860 69
615929 8
615937 1
320745 297083
309903 309701
619604 101
619705 38
619743 4
619747 2
619749 1023
620772 101
620873 69
620942 8
620950 4
620954 1
620955 222
621177 88
621265 1
474640 147995
480606 142581
623187 202
623389 4
623393 18
623411 222
623633 101
623734 38
623772 2
623774 1
485517 139960
567324 58252
582760 44898
385385 242831
549424 78863
619743 9253
628996 734
629730 2
629732 1
629733 420
630153 101
630254 57
630311 2
630313 101
630414 69
630483 8
630491 2
630493 1
630483 3040
392156 245495
637651 420
638071 101
638172 38
638210 4
638214 1
494452 146536
623187 18021
354305 288881
528194 115170
621265 23695
615938 30692
586390 61375
647765 666
648431 19
648450 8
648458 2
484650 164746
649396 1520
650916 69
650985 8
650993 4
630483 20750
638215 19401
595024 63420
620954 37668
489949 168998
467563 193397
586390 76270
662660 420
663080 93
663173 4
663177 2
663179 1
663180 420
663600 69
663669 8
663677 2
552922 111939
650997 14122
664861 661
665522 202
665724 2
619705 46131
663177 3040
594596 72185
666781 1023
667804 202
668006 8
668014 1
668015 883
668898 2
668900 1
622635 49606
469507 203769
559144 115193
640988 34614
602009 73914
630311 49192
579628 100448
619604 61374
504095 177572
594595 90304
575850 109413
576873 108756
685629 1520
687149 101
687250 19
687269 18
346441 345549
691990 420
692410 65
692475 2
692477 1
692478 1520
693998 420
694418 93
694511 1
392156 303012
351159 345549
696708 666
697374 19
697393 8
697401 4
697405 2
694511 5400
643364 57840
446514 256050
578736 124283
681667 21511
692477 12288
557280 147999
558926 146534
540293 165300
623411 82361
579630 127749
668014 39980
707994 65
708059 1
684899 23797
685629 23696
709325 8
586321 124131
550808 160319
711127 1520
712647 892
713539 38
713577 2
464618 249754
582861 133604
693998 23835
717833 1520
719353 222
719575 19
719594 16
719610 1
399341 320814
447074 273653
720727 1520
722247 1023
723270 101
723371 38
723409 8
723417 4
723421 2
723423 1
723417 1023
711127 14111
595022 130969
725991 864
726855 1
650985 76212
727197 734
727931 19
727950 2
597213 130979
494452 233795
728247 1023
729270 222
729492 1
595024 139024
734048 57
734105 4
734109 2
734111 1
650985 83153
734138 1520
735658 19
735677 8
735685 2
735687 3040
738727 69
738796 8
738804 1
658947 80569
668901 72195
373592 368300
741892 1023
742915 222
743137 88
743225 2
743227 101
743328 69
743397 4
743401 1
372565 372010
744575 69
744644 8
744652 4
372565 372203
744768 19
744787 18
735658 9901
745559 1520
747079 69
747148 8
747156 4
734112 13579
459932 290475
743397 7045
750442 999
751441 8
751449 2
649396 102352
735658 17222
752880 993
753873 2
753875 1
560850 193195
408434 346504
754938 1023
755961 222
756183 19
743328 13579
756907 420
757327 101
757428 57
757485 4
757489 2
757491 1
757492 1023
758515 420
758935 19
758954 4
758958 1
757491 3576
743397 18088
620954 141484
758959 3576
762535 57
762592 101
762693 69
762762 2
383294 380700
763994 93
764087 2
764089 1
597207 167927
619604 148000
747148 21032
681667 87526
696708 72824
723409 47095
543304 227344
770648 1023
771671 222
771893 69
771962 8
771970 2
771972 1
576974 197228
729493 45419
571617 203957
550963 225113
728192 49607
459993 320908
751449 29493
780942 420
781362 101
781463 19
781482 4
547241 235070
782311 666
782977 2
782979 101
783080 38
783118 18
762438 20746
782979 404
783383 202
783585 8
783593 4
783597 420
784017 38
784055 1
744805 39467
784272 2
713579 72166
785745 101
785846 19
785865 1
630493 156797
739516 48146
685629 103011
788640 734
789374 101
789475 19
789494 4
789498 2
658947 130977
784056 7045
703019 88250
791269 999
792268 8
792276 4
792280 2
792282 1
705772 88258
595022 199483
540124 255385
569118 227176
717833 78862
709333 87526
751748 45419
797167 642
717833 80791
798624 734
799358 93
799451 4
459658 340673
457717 345548
783184 21022
804206 101
804307 19
804326 2
783593 20746
804326 19
458573 346441
665522 139891
402972 402802
805774 19
805793 8
805413 666
697374 109477
735687 71740
668015 139790
575850 231986
797809 10331
526689 282447
809136 222
809358 93
809451 2
809453 1
567379 242823
789924 21022
799451 11860
811311 999
812310 18
783597 29495
485517 327690
674337 139564
774202 39925
814127 101
814228 57
814285 2
814287 1
702564 111838
641208 176232
738796 78863
805413 12294
817707 642
818349 1
665726 152903
809454 9257
747156 72185
783080 39932
567362 255922
823284 1520
824804 222
825026 19
825045 4
825049 2
812310 13256
805793 22010
807805 21511
804328 26704
783184 49607
787662 45489
457718 376039
833757 101
833858 8
663173 171654
705279 129596
834827 993
581240 255502
722247 115196
418896 418896
837792 16
672241 166048
597213 241610
818350 21032
550644 288881
838823 734
768180 72825
804339 39925
844264 420
844684 57
844741 1
787290 59063
658622 188871
744652 102973
621265 227157
834875 13579
597207 251606
528194 320814
703019 146534
837792 11859
594522 256106
839557 11860
851417 221
510458 344052
705772 148851
854510 420
747079 110804
777799 82248
628996 233474
862470 101
862571 38
862609 2
862611 1
800331 62895
629733 237583
792282 76925
869207 101
869308 1
727950 142301
725991 146465
484843 388110
707379 167975
702564 174933
531002 346502
877504 420
877924 69
877993 8
878001 1
877497 665
799451 78860
757428 124131
442869 440945
883814 666
884480 57
884537 2
884539 1
443964 442907
886871 101
886972 16
886988 1
703019 186397
787662 102352
837808 59343
878001 19160
750442 148000
890014 10380
581240 320644
901884 222
902106 69
902175 8
902183 2
902185 3593
905778 19
905797 8
905805 4
744644 162090
784056 124283
808140 100448
454996 454996
909992 19
910011 4
910015 2
738727 172765
758935 152901
811311 100856
540225 372111
708696 203893
763994 148813
457539 457119
914658 101
914759 19
914778 16
506508 408503
619743 297081
716465 200713
475549 441891
905797 11788
917585 420
918005 101
918106 57
918163 4
918167 1
918168 69
738805 179941
918746 222
918968 19
918987 8
918995 4
918999 1
897151 23691
809451 111939
914658 6917
697407 225113
571734 351159
758959 164722
863226 61368
924594 1023
925617 4
925621 1
925617 16
571735 354267
918999 7037
926036 92
811311 115196
926507 19
926002 993
723270 203893
927163 3880
931043 101
931144 57
931201 4
931205 2
931207 1
931208 1023
932231 69
932300 8
932308 4
910015 23683
884537 49192
785866 148813
469096 467563
936659 999
937658 4
937662 734
938396 101
938497 8
938505 2
938507 1
469677 469507
939184 19
939203 420
939623 202
939825 8
939833 4
910015 30583
884480 57838
942318 666
942984 65
943049 1
813207 131212
484644 459993
918163 26704
926002 19405
756907 188877
663600 284111
784272 165323
878001 72166
950167 38
950205 8
950213 2
932308 18088
829316 121425
813901 138308
599111 354267
950213 3592
781362 172765
954127 1520
955647 222
955869 8
918106 39331
860047 100448
926995 34618
679503 282447
932231 30579
507894 454996
884537 78860
771893 192298
905809 59286
925621 39980
794030 172765
966795 222
967017 92
937658 29495
940598 27440
489276 478913
841005 127372
707994 262012
905797 64381
922520 49607
825045 147995
515162 458574
973736 734
974470 8
974478 4
974482 1
508129 466526
574045 401083
552903 423356
503022 473756
862571 115170
833757 144005
947711 30579
847625 131212
832791 147999
977762 3592
789494 193195
973040 10331
751449 234529
596544 391133
943050 44677
762693 227344
912336 79575
991911 16
739516 252489
799455 193405
955877 37668
973736 22010
953378 44677
902175 97029
999204 101
999305 38
