1967
1 1
2 1
3 2
5 3
8 2
10 10
20 3
23 1
24 2
24 8
32 20
52 24
76 32
108 10
118 5
123 1
124 52
176 124
300 10
310 5
315 1
316 26
300 76
376 300
676 176
852 376
1228 52
1280 5
1285 1
1286 316
1602 852
2454 1602
4056 376
4056 852
4908 1286
6194 316
6510 2
6510 1228
7738 4056
7738 6194
13932 10
13942 7738
21680 310
21990 4432
26422 32
26454 2454
28908 6512
35420 1
35421 124
35545 3
26422 13942
35420 26454
61874 118
61992 3
61995 1
61996 7738
69734 6194
75928 69734
145662 1228
145662 13932
159594 35420
195014 26422
221436 342
221436 4432
195014 75928
221778 75928
270942 195014
465956 4908
470864 852
471716 52
471768 10
471778 2
471780 4908
476688 40364
517052 13942
476688 221436
698124 13942
712066 146890
858956 21990
698124 471780
1169904 124
1170028 852
1170880 176
1171056 76
1171132 26
1171158 11794
1171158 145662
1316820 108
712066 698124
1410190 7738
1417928 2454
1420382 852
1421234 176
1421410 76
1421486 10
1421496 5
1421501 1
1316820 858956
2175776 530994
2706770 108
2706878 4056
2710934 1316820
4027754 1421502
5449256 35420
5449256 4027754
9477010 28908
9505918 2454
9508372 2
5484676 5484676
10969352 297706
11267058 75928
11342986 11794
11354780 1286
11356066 176
11356242 52
11356294 2
11356296 517052
11873348 35421
11873348 69734
11943082 676
9477010 4027754
13504764 270942
13775706 13942
13789648 1286
13790934 52
13790986 10
13790996 8
13791004 342
13791346 530994
14322340 75928
14398268 28908
14427176 4908
14432084 1228
14433312 24
9508374 9508374
11873348 11356296
23229644 69734
23299378 9508374
23229644 19016748
42246392 13791004
56037396 11873348
67910744 4056
67914800 1228
67910744 159594
67914800 270942
68185742 1421502
69607244 146890
69754134 4432
69758566 76
69758642 24
69758666 880946
70639612 11794
70651406 1602
70653008 176
70653184 10
70653194 2
68185742 11943082
80128824 13504764
93633588 195014
93828602 13942
93842544 6512
93849056 852
93849908 176
93850084 10
93850094 4027754
97877848 2706878
100584726 1228
100585954 52
100585954 880946
101466900 225868
101692768 21990
101714758 2454
101717212 32
101466900 1169904
102636804 4432
102641236 225868
102867104 21990
102889094 2454
102891548 32
102891580 1421502
104313082 270942
104584024 21990
104606014 2454
104608468 852
104609320 316
104609636 10
104609646 5
104609651 1
102891580 5484676
108376256 476688
108852944 1228
108854172 26
102891580 9508374
101466900 11908769
113375669 698124
102891580 11943758
114835338 145662
114981000 28908
114981000 2710934
100585954 19016748
119602702 880946
120483648 176
119602702 1182952
120785654 880946
121666600 2706878
124373478 310
124373788 517052
124890840 4908
124373478 858956
125232434 517052
125749486 7738
125757224 2454
125759678 1286
125760964 176
125761140 76
125761216 2710934
128472150 225868
128698018 28908
128726926 4056
128730982 176
128731158 20
128731178 880946
129612124 159594
129771718 6512
129778230 124
129778354 32
129778386 10
129778396 5
129778401 1
129778402 4908
124373788 5449256
124373478 5484676
129858154 1
129778402 698124
130476526 35548
130512074 26
130512100 880946
131393046 270942
131663988 7738
131671726 2454
131674180 1286
131675466 176
131675642 2
120785654 13791004
129778402 11943758
141722160 270942
141993102 2175776
144168878 61996
144230874 2454
144233328 32
144233360 10
144233370 376
144233746 35545
144233746 297706
144531452 1169904
145701356 2
145701356 4056
144269291 5484676
149753967 35421
149789388 32
149789420 10
149789430 8
149789438 1
149789439 1170028
129783310 23299378
129823044 23299378
153122422 124
141993102 11873348
141993102 14433336
156426438 1286
156427724 13932
102636804 56037396
156427724 2706878
159134602 1228
159134602 1171158
160305760 4056
160309816 530994
160840810 75928
160916738 61996
160978734 2454
160981188 1286
160982474 32
160982506 10
160982516 8
160982524 1228
160983752 4027754
165011506 1316928
166328434 75928
166404362 6512
166410874 376
166411250 176
166411426 52
166411478 20
166411498 2
166411500 1170028
100585954 68185742
145705412 23229644
168935056 76
168935056 676
168935132 1171158
104609652 67914800
172524452 6512
172530964 1316928
173847892 69734
173917626 4056
173921682 342
173922024 2
173922026 2710934
176632960 1182952
177815912 26454
177842366 852
177843218 342
177843560 20
177843580 1
177843581 376
156427724 23229644
179657368 297706
179955074 159594
180114668 13942
180128610 4056
180132666 76
180132742 26
180132768 2
113375669 68185742
181561411 13942
181561411 21990
181583401 1421502
183004903 75928
183080831 28908
183109739 4908
183114647 852
183115499 316
183115815 5
183115820 880946
166411500 19016748
180132770 5484676
185617446 2710934
188328380 880946
189209326 225868
189435194 13942
189449136 2454
189451590 342
189451932 10
189451942 3
189451945 1
189451946 13932
189451946 21990
189465878 476688
189942566 1316928
191259494 61996
191321490 342
191321832 26
124373788 68070338
124890840 67916028
124895748 68185742
193081490 297706
193379196 75928
193455124 40364
193495488 7738
193503226 1602
193504828 176
193505004 20
183115820 11943082
192806868 2706878
195058902 1421502
185617446 11873348
197490794 4056
196480404 1316820
197797224 1316928
185428248 13791004
129858154 69758666
100586006 100584726
201170732 13942
201184674 24
195058902 11943082
207001984 13942
207015926 124
207016050 24
207016074 1170028
208186102 852
208186954 124
208187078 26
208187104 3
208187107 1
197494850 11943082
189465878 23229644
145701358 67916028
212695522 1316820
108854172 108852944
217707116 124
217707240 32
217707272 3
217707275 1
217707276 5
217707281 75928
217707281 698124
218405405 2175776
121666600 100585954
222252554 69734
222322288 11794
222334082 26454
222360536 1316928
223677464 11794
223689258 1286
223690544 176
223690720 76
223690796 26
193505024 32807752
226312776 8
226312776 4908
114835338 113375669
228211007 159594
228370601 26454
228397055 376
228397431 176
228397607 52
228397659 10
228397669 3
228397672 26454
128731178 102891580
231622758 476688
232099446 1421502
233520948 297706
233818654 75928
233894582 40364
233934946 11794
233946740 376
233947116 176
233947292 76
233947368 880946
234828314 195014
235023328 21990
235045318 376
235045694 124
235045818 10
235045828 3
235045831 1
120785654 114981000
222252554 13791346
168935056 67916028
236851084 1182952
238034036 75928
238109964 40364
238150328 7738
238158066 1286
238159352 176
238159528 108
238159636 5
238159641 1
145701356 93850094
172530964 68070338
222360536 19016748
241377284 880946
220581181 23229644
243810825 124
129783310 114835338
244618648 1421502
246040150 195014
246235164 2454
246237618 852
246238470 52
246238522 5
246238527 1
246238528 3
144233370 104609652
248843022 225868
249068890 21990
249090880 2454
249093334 32
248843022 517052
249093366 1182952
144269291 108854198
253123489 13932
253137421 880946
254018367 40364
254058731 13942
254072673 4908
254077581 176
254077757 26
254077783 5
153122546 101717244
153122546 102891580
153866450 102891580
249093366 9508374
246238531 13791346
254839790 5449256
241377284 19016748
131675644 130512100
262187744 7738
262195482 310
262195792 698124
240601302 23299378
263900680 1182952
265083632 676
167581528 100585954
268167482 880946
149753967 119602702
269356669 145662
156441656 114835338
271276994 2175776
273452770 159594
273612364 13942
273626306 1602
273627908 376
273628284 176
273628460 10
273628470 2
273628472 310
144233370 130476526
274709896 35548
168935132 108376256
277311388 61996
208186102 69758666
277944768 2710934
226312776 56037396
212695522 70653196
265084308 19016748
284101056 880946
284982002 159594
285141596 2454
285144050 852
285144902 342
285145244 10
168935732 117691934
286627666 530994
287158660 21990
287180650 176
287180826 32
287180858 3
287180861 1
145701358 141722160
156427724 131675644
274745444 13791346
288536790 1316928
160982524 129778402
260029877 32807752
292837629 880946
293718575 75928
293794503 7738
293802241 1602
293803843 676
293804519 52
293804571 8
293804579 1
293804580 221778
193505024 100586006
226317684 68185742
294503426 1421502
295924928 530994
296455922 146890
296602812 4056
296606868 24
296606892 1
172524452 124890840
288103368 11908769
300012137 880946
300893083 1169904
290760926 11943758
302704684 712066
303416750 40364
303457114 1602
303458716 124
303458840 32
303458872 5
303458877 2
173922026 131675644
305597670 698124
306295794 2454
306298248 1286
306299534 76
306299610 10
306299620 5
306299625 858956
307158581 13942
307172523 1602
307174125 376
307174501 176
307174677 5
307174682 2
307174684 146890
307321574 7738
307329312 676
307329988 52
307330040 10
307330050 5
307330055 2
307330057 6512
201170732 108376256
208186102 101466900
189942566 120483648
181561411 130512100
312073511 880946
312954457 146890
313101347 6194
313107541 124
313107665 26
313107691 3
313107694 2175776
315283470 297706
315581176 75928
315657104 28908
315686012 2454
315688466 342
315688808 23
315688831 52
315688883 1421410
317110293 32
317110325 5
185617446 131675644
192806868 125232434
318039302 1316928
319356230 40364
319396594 13942
319410536 4908
319415444 376
319415820 76
319415896 8
207016074 113375669
320391743 297706
320689449 75928
320765377 61996
320827373 376
320827749 176
320827925 52
320827977 3
160982524 160305760
192444126 129823044
322267170 2
317293090 5449256
172530964 150959467
180132770 145705412
197797224 129858155
165011506 165011506
330023012 75928
330098940 40364
330139304 13942
330153246 4056
330157302 176
330157478 26
330157504 2
330157506 13942
330171448 530994
217707276 113375669
218405405 114073793
332479198 880946
333360144 195014
333555158 21990
333577148 852
333578000 124
333578124 10
333578134 5
333578139 1
333578140 676
322267172 13791004
181575353 156441656
338017009 476688
338493697 28908
338522605 1602
338524207 376
338524583 176
338524759 108
338524867 5
338524872 2
338524874 195014
338719888 13942
338733830 852
338734682 316
338734998 20
170106290 168935732
339042022 7738
339049760 1228
339050988 32
339051020 2
231622758 108376256
183996766 156427724
240601302 100585954
330702442 13791004
331082945 14433336
185617446 160983752
217707281 129783310
217707281 129858155
347565436 270942
347836378 1421502
349257880 75928
349333808 40364
349374172 7738
349381910 852
349382762 124
349382886 26
349382912 3
235766654 114835338
199114152 153082688
199114152 153866450
344493446 9508374
241377284 114073793
355451077 40364
355491441 6512
254077788 102641236
238159642 120483648
355491441 5484676
192444126 168935056
231622758 129858154
293804580 69758666
222360536 141722160
361480912 4027754
183080831 183004903
366085734 2454
366088188 376
366088564 176
366088740 76
366088816 26
355497953 11943082
273628782 93850094
236851084 131675644
368526728 530994
369057722 61996
369119718 2454
369122172 852
369123024 176
369123200 52
369123252 10
369123262 8
223690822 145701356
369123270 880946
367441035 5484676
370004216 5449256
375453472 69734
258601740 117691934
268167482 108854198
377021680 858956
249360074 128731178
195058902 185617446
380676348 6512
380682860 1316928
381999788 4908
382004696 376
382005072 32
382005104 10
214012342 168935732
317293090 68070338
385363428 221436
283348718 102641236
286627666 101717244
388344910 75928
356719024 32807752
269356669 120483648
196480404 195513746
391994150 297706
392291856 40364
392332220 13942
392346162 4056
392350218 10
392350228 1182952
393533180 75928
393609108 13942
393623050 2454
393625504 1286
393626790 176
393626966 32
393626998 8
199114152 196480404
395594556 40364
395634920 4056
395638976 176
395639152 3
395639155 1
395639156 5
395639161 26
395639187 1421502
397060689 40364
397101053 13942
397114995 6194
397121189 124
397121313 1
366088842 32807752
331082945 68185742
385989954 13791004
241377284 160305760
243810949 159135830
402946779 4056
402946779 858956
402946779 1316820
366088842 42246392
209437932 199616820
228397672 181583401
409981073 52
409981125 159594
300012137 112399954
412412091 108
412412199 7738
412419937 176
412420113 26
402946779 11943082
414889861 712066
415601927 75928
415677855 28908
415706763 4908
415711671 1228
415712899 2
415712901 52
415712901 6512
220581181 199219252
419800433 712066
420512499 75928
420588427 40364
420628791 6512
420635303 852
420636155 23
262893916 158674200
420636178 1182952
294091030 128731178
262893916 160309816
280655702 144269291
213617386 213617386
254839790 172530964
226312776 201184698
320391743 108852944
427497474 2175776
296606893 134576658
271276994 160983752
432260746 676
432261422 270942
432532364 21990
432554354 2454
432556808 376
432557184 76
432557260 5
432557265 2
432557267 530994
320827980 113375669
236851084 199114152
218405405 218405405
249360074 189473936
294091030 145701356
439792386 1421502
441213888 465956
441679844 2454
441682298 176
441682474 108
327655379 115009908
375523206 67916028
226312776 217783209
344493446 100584726
254077788 192806868
446884656 146890
447031546 40364
447071910 4056
223690822 223690822
447381644 40364
447422008 4908
447426916 376
447427292 52
447427344 10
244618648 207016074
333360144 119602702
452962846 880946
453843792 75928
453919720 7738
453927458 852
453928310 52
453928362 20
453928382 1
228397672 226317684
443439234 11356296
453928383 1171158
455099541 2710934
457810475 75928
457886403 7738
457894141 2454
457896595 852
457897447 52
457897499 5
288536790 170106290
309546988 149789439
459336427 530994
459867421 28908
459896329 108
459896437 5
459896442 2
459896444 1421502
461317946 75928
461393874 13942
461407816 2454
461410270 176
461410446 76
461410522 5
461410527 2
461410529 297706
461708235 146890
461855125 7738
461862863 176
461863039 10
461863049 8
461863057 1
461863058 1421502
463284560 75928
463360488 26454
463386942 1602
463388544 676
463389220 124
463389344 32
463389376 10
463389386 3
463389389 1
463389390 1316928
464706318 35548
464741866 1602
464743468 676
464744144 124
464744268 32
464744300 10
464744310 310
464744620 517052
325838182 141993102
346601198 121666600
468267798 297706
468565504 159594
468725098 376
468725474 176
468725650 26
468725676 2
468725678 1421502
470147180 75928
470223108 21990
470245098 2454
470247552 376
470247928 176
470248104 32
470248136 10
470248146 3
470248149 1
350601992 120483648
318039302 156426438
268167482 207001984
319415904 156441656
355497953 120483648
367441035 108852944
369123270 108852944
477976214 221778
363563246 115009908
288103368 192444126
480547494 32
249093366 231622758
415719413 67914800
483634213 10
483634223 146890
483781113 6194
483787307 32
483787339 8
243810825 242258230
486069055 270942
486339997 2454
486342451 124
486342575 32
486342607 10
486342617 3
486342620 1
330702442 156441656
300012137 189451946
385363428 104609652
368526728 121666600
269502331 222360536
389840317 102636804
309546988 183996766
493543754 2175776
495719530 297706
496017236 40364
496057600 11794
496069394 852
496070246 124
496070370 10
496070380 5
262195792 235045832
338524874 159135830
496070385 2175776
475169466 23299378
398896594 100586006
370004216 130512100
432557267 69758666
491862867 11943758
323490431 181583401
391994150 114073793
506067943 225868
506293811 13942
506307753 6512
506314265 176
506314441 24
506314465 1
260289046 246238531
330171448 177843957
347565436 160982524
349382915 160309816
355491441 156441656
506527577 5449256
442665287 70653196
395639156 117691934
385584864 129823044
515407908 4056
294503426 222322288
404263599 113375669
517639268 270942
333578816 185617446
277373384 243810825
378091252 144531452
287423518 236043900
277311388 246238528
322742346 201170732
523913078 880946
524794024 75928
524869952 13942
524883894 4056
524887950 176
524888126 76
524888202 2
330702442 195513746
344493446 183115820
398896594 129858154
344493446 185428248
429673250 100586006
339999014 191321858
269502331 262893916
277373384 256014126
533387510 10
533387520 2
533387522 7738
533395260 176
533395436 118
533395554 3
533395557 1
268167482 268167482
536334964 297706
536632670 75928
536708598 40364
536748962 2454
536751416 342
536751758 32
536751790 1
380676348 156441656
439792386 97877848
422822208 115009908
528754748 11943082
395639161 145701356
541340517 40364
541380881 6512
541387393 852
541388245 32
541388277 5
541388282 2
541388284 297706
541685990 75928
541761918 40364
541802282 13942
541816224 2454
541818678 676
541819354 124
541819478 32
541819510 8
427370754 114981000
294026358 250276318
355451077 189451946
424924993 120483824
392350228 156427724
493543754 56037396
549581150 1421502
551002652 465956
551468608 676
551469284 32
551469316 8
551469324 1
361480912 191321858
372925711 180132770
294026358 260029877
452962846 101717244
554680090 1421502
556101592 530994
556632586 75928
556708514 13942
556722456 6512
556728968 124
556729092 5
556729097 1
283348718 273628472
556977190 1410190
558387380 1602
558388982 376
558389358 124
558389482 20
558389502 2
558389504 13942
558403446 24
409981125 149753967
559735092 1286
458643080 101717244
292837629 269502331
294503426 269048428
382948074 181575353
435965236 130512100
566477336 8
367441035 201170732
372925711 196480404
363563246 207001984
344493446 226312776
398896594 173922026
432557267 141722160
574279427 10
302062987 273628782
575691769 1316820
303458879 273628782
497660704 80128824
447071910 131675644
578747554 858956
579606510 7738
579614248 124
579614372 20
579614392 2
290760926 290760926
581521852 75928
581597780 40364
581638144 13942
581652086 676
581652762 32
581652794 5
435965236 145705412
361480912 222360536
583841448 880946
584722394 40364
584762758 13942
584776700 2454
584779154 852
584780006 32
584780038 10
584780048 5
584780053 1
583841448 1316820
585158268 35421
303458879 283348718
395639187 192806868
459336427 129858154
297415292 292837629
590252921 297706
590550627 40364
590590991 4432
590595423 124
590595547 26
590595573 5
336058176 256014126
432261422 160983752
339999014 254077788
594076802 530994
594607796 75928
594683724 40364
594724088 7738
594731826 1602
594733428 676
594734104 124
594734228 23
321288284 274709896
402950835 193505024
347836378 248843022
596455859 1421502
339999014 260289046
600288060 1421502
601709562 40364
601749926 11794
601761720 676
601762396 108
601762504 1
388420838 214012342
474465740 129858154
604323894 10
604323904 5
604323909 1
604323910 35548
604359458 75928
363563246 242258230
605821476 2710934
608532410 270942
608803352 13942
608817294 2454
608819748 1286
608821034 176
608821210 32
608821242 10
608821252 2
608821254 530994
609352248 26454
609378702 52
609378754 10
609378764 3
609378767 880946
610259713 225868
610485581 28908
610514489 4432
610518921 124
610519045 32
610519077 10
610519087 5
354001820 256758030
317110330 294503426
331082945 280655702
611738647 69734
611808381 2454
611810835 310
611811145 1
395639161 217707276
613346437 52
506067943 108376256
459336427 159135830
309653002 309546988
619199990 75928
619275918 21990
619297908 376
619298284 124
619298408 32
619298440 10
619298450 8
422822208 197494850
620317058 4432
347490591 274709896
618472257 4027754
622500011 676
490193328 134576658
433088261 192444126
625532387 376
497660704 129858155
508547960 120483824
356719024 273628782
461410529 170106290
618472257 13791004
632263261 61996
489464083 145705412
635169495 35548
635205043 35420
635240463 2175776
637416239 297706
637713945 7738
637721683 376
637722059 76
637722135 10
637722145 5
637722150 2
389526776 248843022
638369798 517052
458643080 181583401
320391743 320391743
640783486 13942
640797428 2454
640799882 676
640800558 26
532396247 108852944
641249191 24
476293979 168771696
622500687 23229644
645730331 1182952
646913283 40364
646953647 13942
646967589 1602
646969191 376
646969567 52
646969619 20
646969639 1
646969640 3
487144098 160305760
490193328 159134602
467831284 181561411
365508666 284101056
419800433 232099446
651899879 1316928
523467418 129858155
653325573 1421502
654747075 297706
655044781 26454
655071235 852
655072087 124
655072211 32
655072243 10
655072253 3
361480912 294026358
330023012 325838182
655861194 4432
655865626 32
655865658 10
655865668 3
655865671 1
655865672 1421502
657287174 146890
657434064 1602
657435666 124
657435790 24
544903023 113375669
590252921 68185742
500516316 160982524
661498840 4432
661503272 1421502
662924774 75928
663000702 40364
663041066 13942
663055008 1286
663056294 124
663056418 3
663056421 1
533395558 129858154
332479198 332479198
664958396 225868
665184264 26454
665210718 1602
665212320 376
665212696 124
665212820 32
665212852 10
665212862 1
556729098 108854198
366088842 300012137
497660704 170106290
429673250 238159642
398896594 269048428
409054752 262893916
604323910 68185742
569406115 104609652
513331090 160982524
674313614 1421502
675735116 75928
675811044 40364
675851408 7738
675859146 1602
675860748 3
596455859 80128824
408335234 269502331
677837565 75928
489464083 189473936
578747554 101717244
467831284 213617386
459336427 222334082
463389390 218405405
681794795 1316928
683111723 28908
683140631 852
683141483 52
683141535 3
683141538 1
641249215 42246392
683495607 35548
683531155 26
531320872 156426438
678938019 9508374
403805735 285145254
388344910 302704684
691049594 1171158
692220752 7738
692228490 2454
692230944 852
692231796 176
692231972 52
692232024 10
692232034 5
692232039 1
692232040 35545
692267585 858956
532396247 160983752
453928383 239551450
347490591 346601198
694091789 69734
694161523 2454
694163977 676
694164653 52
347565436 347565436
695130872 75928
695206800 13942
695220742 6512
695227254 176
695227430 52
695227482 5
695227487 1
692232040 5484676
352196840 346601198
578747554 120785654
454795530 246238531
433088261 269048428
388420838 315688883
380676348 323490431
536751791 168935056
705686847 858956
706545803 4432
706550235 76
706550311 1
478573154 228424126
527609266 180132770
443439234 265084308
708523542 376
380682860 330157506
710840366 159594
559735092 153122422
611811146 101466900
356719024 356719024
713438048 69734
480716124 235766654
358643290 358643290
717286580 13932
511976833 207001984
415712953 305597670
444095985 277311388
594076802 129858155
723934957 195014
403805735 321288284
508015405 218405405
559736378 167581528
389526776 338735018
583841448 145701358
532396247 197797224
537832116 192444126
435965236 296606893
438834010 294503426
385584864 347836378
702136689 32807752
549581150 185617446
735198596 1171158
595998180 141722160
706550312 32807752
544903023 195058902
594734251 145701356
619298458 121666600
454715356 286627666
741343022 1602
523913078 217707281
741620359 1182952
742803311 7738
742811049 124
742811173 32
742811205 10
742811215 3
529921694 213617386
391994150 354001820
745995970 2710934
748706904 159594
748866498 13942
748880440 2454
748882894 1286
748884180 176
748884356 52
748884408 20
748884428 1
693479833 56037396
529921694 222322288
506314466 246238531
572818620 179955074
385584864 369392178
558403470 197494850
509692731 246238528
755931259 195014
756126273 21990
756148263 376
756148639 24
756148663 1
755931259 1421502
629031784 129823044
420636178 338735018
759371196 530994
759902190 75928
759978118 11794
759989912 376
759990288 124
759990412 3
759990415 1
475169466 285145254
663056422 100586006
566477336 197490794
632325257 131675644
764000901 13942
733421242 32807752
480547494 287423518
579614394 189451946
579614394 189942566
769556960 1421502
770978462 75928
771054390 40364
771094754 13942
771108696 1602
771110298 376
771110674 52
771110726 20
771110746 2
769066340 2706878
647449858 124890840
497660704 274709896
772370600 880946
773251546 40364
773291910 7738
773299648 2454
773302102 176
773302278 32
773302310 1
435965236 339051022
625532387 149789439
775321826 880946
776202772 75928
776278700 40364
776319064 6194
776325258 76
776325334 10
776325344 5
776325349 1
776325350 712066
777037416 40364
777077780 376
777078156 176
777078332 52
777078384 10
777078394 3
777078397 1
584780054 195513746
677913493 102636804
635169495 145701356
776325350 5484676
780870851 1316928
590595578 192444126
415712953 369123270
665583296 120483648
786066944 195014
509692731 277373384
420636178 368526728
442665287 347836378
513331090 277311388
790501665 712066
454715356 339051022
793766378 880946
794647324 159594
794806918 76
794806994 26
511976833 283348718
645730331 149753967
667832892 129783310
399780958 399268687
799049645 75928
799125573 61996
799187569 6512
799194081 76
799194157 26
799194183 1
799194184 880946
800075130 270942
800346072 7738
800353810 2454
800356264 376
800356640 124
800356764 26
800356790 2
401683044 399268687
800951731 4908
800956639 342
800956981 10
800956991 8
800956999 530994
801487993 13942
801501935 316
801502251 23
604359458 197797224
558403470 243810949
793766378 11908769
511933097 294026358
537670234 269356669
625532387 181575353
661498840 145701358
496070385 313107694
809178079 159594
601762505 209437932
811200437 297706
811498143 75928
811574071 61996
811636067 1602
811637669 376
811638045 176
811638221 76
811638297 10
741343022 70653196
613346437 199219252
586807597 226317684
813125281 2175776
815301057 28908
815329965 2454
815332419 1286
815333705 176
815333881 76
815333957 3
815333960 1421502
816755462 530994
817286456 40364
817326820 7738
817334558 2454
817337012 1280
817338292 2
817338294 13932
665212863 153122546
635169495 183996766
412412091 408335234
820747325 270942
821018267 4908
821023175 676
527609266 294091030
653325573 168935132
478197992 346601198
480716124 344493446
653216807 172530964
825747771 75928
825823699 13942
825837641 2454
825840095 176
825840271 52
825840323 10
825840333 5
825840338 1
666100979 160982524
433088261 397060689
830148950 476688
830625638 176
830625814 10
830625824 3
830625827 1
830625828 40364
830666192 13942
830680134 2454
830682588 376
830682964 176
830683140 52
830683192 5
447031546 385363428
832394974 75928
832470902 61996
832532898 1602
832534500 676
832535176 5
832535181 2
559735092 273628782
649392695 185617446
595998180 240601302
610759850 226312784
483634213 355491441
596455859 243810949
840266808 26454
577008589 265083632
511933097 330702442
742811218 100585954
730276242 113375669
840266808 5484676
577008589 269048428
480716124 365508666
604323894 242258230
424924993 423203732
848128725 530994
848659719 28908
848688627 2454
848691081 176
848691257 8
533395558 317110330
506527577 345516281
683141539 170106290
853247829 530994
853778823 61996
853840819 4908
853845727 376
853846103 124
853846227 32
853846259 5
853846264 1
735198596 119602702
702136689 153122422
505073832 352196840
658438663 199616820
727317906 131675644
858993550 880946
859874496 270942
860145438 13942
860159380 2454
860161834 852
860162686 176
860162862 10
860162872 8
537670234 323490431
611613756 250276318
454795530 409054752
695227488 168935056
735198596 129783310
630347806 235766654
866114460 1182952
867297412 75928
867373340 35548
867408888 2454
867411342 852
867412194 123
491862867 376293674
468565504 399780958
837072634 32807752
869880386 712066
870592452 28908
870621360 2454
870623814 852
870624666 176
870624842 32
870624874 10
870624884 3
870624887 712066
871336953 75928
871412881 13942
871426823 2454
871429277 676
871429953 124
871430077 23
697716716 173922026
486342621 385363428
871706049 1421502
873127551 297706
873425257 26454
873451711 376
873452087 32
873452119 10
873452129 5
563551854 312073511
667766994 209437932
877204926 176
764014843 114981000
531320872 347836378
483634213 395639156
533387520 346601198
594076802 287180862
752552997 128731178
881284175 225868
881510043 13942
881523985 2454
881526439 376
881526815 176
881526991 76
881527067 10
881527077 3
881527080 1
470248150 415712901
564523427 322742346
775016258 112399954
515407908 372925711
739358064 149753967
545408817 345516281
890925098 1602
641249215 250276318
710840366 181583401
464744620 429244687
893989307 1316928
895306235 69734
895375969 1602
895377571 176
895377747 108
895377855 8
895377863 1
895377864 880946
896258810 21990
896280800 376
896281176 52
896281228 10
896281238 5
896281243 1
508547960 388344910
896892870 10
896892880 5
896892885 1
704166779 195058902
522622704 378091252
900713956 270942
900984898 4056
900988954 310
900989264 2
833363874 68185742
680464798 222334082
902798880 13932
688950989 214012342
640226481 263900680
904127161 698124
723934957 181583401
905518358 2175776
907694134 40364
907734498 13942
907748440 1602
907750042 376
907750418 124
907750542 10
907750552 1
610759850 300012137
457810475 453843792
911654267 40364
911694631 6512
911701143 376
911701519 124
911701643 8
911701651 1
531320872 380682860
912003732 26
912003758 2175776
914179534 270942
914450476 7738
914458214 1286
914459500 124
914459624 32
914459656 10
914459666 3
914459669 1
914459670 880946
915340616 146890
915487506 2454
915489960 52
708523542 207001984
577087661 341187256
540697830 377880636
478197992 441682582
505073832 415712901
920786733 35548
920822281 376
920822657 176
920822833 52
920822885 10
920822895 3
920822898 1421502
922244400 40364
922284764 1602
922286366 376
922286742 176
922286918 108
640226481 282350172
461708235 461708235
923416470 6512
923422982 342
923423324 3
923423327 1
569406115 355491441
858055483 67910744
925966227 75928
926042155 28908
926071063 4908
926075971 852
926076823 176
926076999 118
926077117 3
926077120 1
465261672 461410529
661498840 268167482
526216188 404263599
509692731 421819130
537832116 395639161
933471277 300
836599482 97877848
674313614 260394032
661498840 274709896
468725098 468565504
937290602 40364
937330966 2454
937333420 1286
937334706 176
937334882 32
937334914 10
937334924 5
937334929 1
594076802 344493446
795484298 144269291
572818620 367441035
671948668 269502331
706550312 235766654
498468844 445078172
943547016 145662
577789528 367441035
553058481 392350228
680464798 265084308
817338294 129778402
708523542 240601302
949124844 6510
593245174 356719024
688446393 262195792
950642185 124
950642309 2175776
952818085 159594
952977679 28908
953006587 4908
953011495 376
953011871 32
953011903 10
953011913 5
953011918 2
852043858 102636804
632325257 322742346
955067603 6510
955074113 1410190
956484303 1602
956485905 342
956486247 2
480716124 475857560
807107740 153082688
651899879 309546988
579614394 382948074
740435607 222360536
729542806 235766654
965309460 75928
965385388 40364
965425752 2454
965428206 852
965429058 176
965429234 52
965429286 10
965429296 5
965429301 1
585193689 380682860
483781113 483634223
967415336 40364
967455700 13942
967469642 4432
967474074 76
967474150 10
967474160 3
967474163 297706
967771869 75928
967847797 35548
967883345 2454
967885799 376
967886175 118
967886293 2
493543754 475169466
653216807 318039302
632263261 339999014
487144098 486069055
973213153 28908
973242061 2454
973244515 376
973244891 52
973244943 1
574279437 399268687
527609266 447075966
739961925 235766654
975728579 530994
976259573 75928
976335501 35548
976371049 2454
976373503 176
976373679 32
976373711 1
896892870 80128824
667832892 309653002
977485894 1228
972262275 5484676
718978817 260029877
754977042 226317684
560360324 422822208
663253712 320391743
702136689 284101056
554680090 432261422
986941512 221778
987163290 2454
987165744 76
987165820 10
986941512 517052
681794795 307336569
683495607 306299625
699533208 290760926
721407373 269502331
680464798 313107694
590595578 403805735
593245174 401683044
620317058 375523206
995840264 40364
995880628 7738
995888366 1602
995889968 676
995890644 76
995890720 24
570806222 427234772
