539
1 1
2 2
4 4
8 8
16 16
32 32
64 64
128 128
256 256
512 512
1024 1024
2048 2048
4096 512
4608 256
4864 16
4880 1
4881 32
4913 16
4929 4
4933 2048
6981 512
7493 256
7749 64
7813 32
7845 4
6981 4096
11077 256
11333 1
11334 1024
12358 512
12870 256
13126 32
13158 16
13174 8
13182 4
13186 1
11077 7849
18926 128
19054 64
19118 32
19150 16
19166 8
19174 1
19175 7849
27024 2048
29072 128
29200 64
29264 4
29268 1
29269 1024
30293 512
30805 256
31061 4
31065 2
18926 12870
31796 32
31828 16
31844 4608
36452 64
36516 2
36518 2048
38566 256
38822 128
38950 2048
40998 1024
42022 256
42278 8
42286 2
42288 1024
43312 256
43568 64
43632 16
43648 4
43652 2
43654 1024
44678 64
44742 16
44758 2
44760 512
45272 64
45336 8
45344 4
45348 256
45604 64
45668 32
45700 8
45708 4
27024 19175
46199 16
46215 4
46219 2
46221 1024
47245 256
47501 32
47533 16
47549 4
47553 2
47555 1
47556 2048
49604 1024
50628 128
50756 64
50820 16
50836 8
50844 4
50848 1
29072 27024
56096 1024
57120 32
57152 1
30293 29200
59493 32
59525 16
59541 4
59545 2
59541 2048
61589 128
61717 1
36452 31844
68296 256
68552 32
68584 8
68592 2
68594 4933
73527 512
74039 64
74103 16
74119 8
74127 2
74129 4933
79062 256
79318 16
79334 1
42022 40998
83020 256
83276 64
83340 32
83372 4
83376 2
83378 1
83379 512
83891 64
83955 32
83987 16
84003 4
84007 2
45712 45712
91424 4
91428 2
91430 1
91431 512
91943 128
92071 64
92135 32
92167 16
92183 8
92191 2
47245 45712
92957 128
93085 64
93149 32
93181 16
93197 8
93205 4
93209 2
93211 4933
98144 256
98400 128
98528 32
98560 8
98568 4
98572 2
98574 1
98575 256
98831 128
98959 64
99023 32
99055 16
99071 8
99079 4
99083 99083
198166 198166
396332 396332
792664 792664
1585328 1585328
3170656 3170656
6341312 6341312
12682624 12682624
25365248 12682624
38047872 3170656
41218528 396332
41614860 198166
41813026 99083
41912109 7849
41919958 1024
41920982 512
41921494 256
41921750 64
41921814 32
41921846 1
38047872 25365248
63413120 396332
63809452 99083
63908535 98575
64007110 64
64007174 32
64007206 16
64007222 1
64007223 25365248
89372471 1585328
90957799 396332
91354131 99083
91453214 84009
91537223 4933
91542156 1024
91543180 256
91543436 128
91543564 32
91543596 16
91543612 8
91543620 1
91543621 41921847
133465468 3170656
136636124 792664
137428788 396332
137825120 57153
137882273 512
137882785 256
137883041 128
137883169 32
137883201 16
137883217 4
137883221 1
91543621 91543621
183087242 6341312
189428554 3170656
192599210 792664
193391874 198166
193590040 50849
193640889 512
193641401 256
193641657 128
193641785 64
193641849 16
193641865 4
133465468 64007223
197472691 99083
197571774 61718
197633492 4933
197638425 1024
197639449 256
197639705 128
197639833 16
197639849 8
197639857 4
197639861 2
197639863 12682624
210322487 3170656
213493143 1585328
215078471 198166
215276637 29269
215305906 512
215306418 128
215306546 2
215306548 25365248
240671796 396332
241068128 50849
241118977 1024
241120001 256
241120257 4
241120261 2
241120263 1
241120264 3170656
244290920 396332
244687252 99083
244786335 84009
244870344 4933
244875277 1024
244876301 512
244876813 256
244877069 128
244877197 16
244877213 4
244877217 2
244877219 1
244877220 6341312
251218532 1585328
252803860 792664
253596524 198166
253794690 57153
253851843 1024
253852867 256
253853123 16
253853139 4
253853143 1
253853144 3170656
257023800 1585328
258609128 792664
259401792 396332
259798124 84009
259882133 1024
259883157 8
259883165 2
259883167 1
259883168 198166
260081334 99083
260180417 38950
260219367 1024
260220391 256
260220647 128
260220775 32
260220807 4
260220811 2
260220813 25365248
285586061 6341312
291927373 792664
292720037 99083
292819120 4933
292824053 1024
292825077 512
292825589 256
292825845 128
292825973 64
292826037 32
292826069 8
292826077 4
292826081 1
292826082 6341312
299167394 1585328
300752722 396332
301149054 99083
301248137 31844
301279981 2048
301282029 256
301282285 128
301282413 8
301282421 2
301282423 41921847
343204270 12682624
355886894 3170656
359057550 1585328
360642878 396332
361039210 99083
361138293 74129
361212422 2048
361214470 512
361214982 256
361215238 128
361215366 4
361215370 2
361215372 6341312
367556684 1585328
369142012 45604
369187616 16
369187632 8
369187640 4
369187644 2
210322487 189428554
399751041 792664
400543705 396332
400940037 99083
401039120 84009
401123129 4933
401128062 64
401128126 4
240671796 192599210
433271006 198166
433469172 99083
433568255 61718
433629973 4933
433634906 512
433635418 256
433635674 128
433635802 64
433635866 16
433635882 8
433635890 12682624
446318514 1585328
447903842 198166
448102008 99083
448201091 31844
448232935 2048
448234983 1024
448236007 128
448236135 16
448236151 4
448236155 2
448236157 1
448236158 12682624
460918782 3170656
464089438 1585328
465674766 396332
466071098 198166
466269264 6981
466276245 128
466276373 64
466276437 32
466276469 1
466276470 137883222
604159692 6341312
610501004 1585328
612086332 792664
612878996 198166
613077162 99083
613176245 4933
613181178 1024
613182202 512
613182714 64
613182778 16
613182794 4
613182798 1
343204270 301282423
644486693 3170656
647657349 792664
648450013 396332
648846345 99083
648945428 61718
649007146 2048
649009194 512
649009706 64
649009770 32
649009802 16
649009818 8
649009826 4
649009830 1585328
650595158 198166
650793324 99083
650892407 31844
650924251 4096
650928347 256
650928603 128
650928731 4
650928735 2
650928737 3170656
654099393 1585328
655684721 396332
656081053 2048
656083101 128
656083229 32
656083261 8
656083269 1
656083270 12682624
668765894 6341312
675107206 1585328
676692534 61718
676754252 1024
676755276 512
676755788 64
676755852 8
676755860 4
676755864 2
399751041 343204270
742955311 6341312
749296623 792664
750089287 396332
750485619 99083
750584702 19175
750603877 4881
750608758 1
750608759 25365248
775974007 6341312
782315319 1585328
783900647 396332
784296979 74039
784371018 32
784371050 8
784371058 4
784371062 2
784371064 99083
784470147 50849
784520996 2048
784523044 128
784523172 64
784523236 4
784523240 2
784523242 1
784523243 6341312
790864555 1585328
792449883 792664
793242547 198166
793440713 99083
793539796 68594
793608390 1024
793609414 256
793609670 128
793609798 32
793609830 4
433271006 369187646
802458652 1585328
804043980 792664
804836644 198166
805034810 56096
805090906 32
805090938 16
805090954 8
805090962 4
805090966 6341312
811432278 3170656
814602934 198166
814801100 99083
814900183 27024
814927207 512
814927719 8
814927727 1
460918782 448236158
909154940 3170656
912325596 1585328
913910924 198166
914109090 99083
914208173 19175
914227348 2048
914229396 256
914229652 128
914229780 64
914229844 32
914229876 16
914229892 4
914229896 64007223
978237119 12682624
990919743 6341312
997261055 792664
998053719 31844
998085563 1024
998086587 512
998087099 32
998087131 16
998087147 4
998087151 1
998087152 1585328
999672480 198166
999870646 99083
999969729 29269
999998998 512
999999510 256
999999766 128
999999894 64
999999958 32
999999990 8
999999998 2
