233
1 1
2 2
4 4
8 8
16 16
32 4
36 2
38 1
39 39
78 78
156 16
172 8
180 2
182 78
260 36
156 156
312 2
314 1
315 8
323 1
260 182
442 16
458 1
312 180
315 314
442 324
766 2
768 16
784 8
792 4
784 39
823 16
839 8
847 4
851 1
459 459
918 4
922 1
784 182
966 182
1148 2
1150 39
1189 16
1205 8
1213 4
1217 2
1219 1
923 315
966 492
784 784
1568 2
1570 1
1150 492
1642 156
1798 8
1806 2
1808 1
966 923
1889 16
1905 2
1642 315
1957 16
1973 8
1981 1
1982 2
1238 766
2004 36
2040 8
2048 4
2052 2
2054 1
1809 315
2124 39
2163 8
2171 1
2171 8
2163 39
2202 39
2241 2
2054 260
2179 296
2475 16
2491 8
2499 1
1808 784
2592 39
2631 8
2639 4
2643 38
2681 39
2720 16
2736 8
2744 1
2592 172
2744 32
2764 36
2500 492
2243 768
2243 851
2800 312
2681 459
2720 442
3011 260
3271 39
3310 4
3314 2
3316 1
3314 36
2163 1238
3140 323
3463 8
2314 1213
3140 459
2800 823
2500 1238
1957 1808
2643 1205
3599 324
3527 459
2040 1973
4013 2
2048 2040
4088 2
3317 847
3401 839
4090 260
4090 324
4414 16
4430 4
4414 39
4350 182
4532 39
4571 8
4579 4
2681 1957
3527 1213
4579 182
4453 314
4638 156
3986 839
4434 492
3765 1205
3463 1568
3271 1907
2681 2500
4794 492
2720 2681
5401 36
3310 2171
5437 156
4761 922
5401 312
3011 2745
3011 2776
5756 36
5792 78
5870 2
5872 1
5713 182
5481 458
5870 78
3317 2745
6062 39
4583 1570
3599 2764
5792 629
4240 2202
6442 39
6481 16
6497 1
5593 923
6497 38
5593 1213
6806 1
6807 78
6885 36
6921 1
6498 492
6990 39
7029 8
7037 2
7037 8
6481 792
5401 1982
7383 1
5939 1458
7397 39
7436 16
7452 8
7460 4
7464 2
7466 1
4350 3271
6481 1220
6990 768
7701 260
7961 16
7977 4
7981 2
5948 2040
7452 784
7436 852
7467 852
6153 2179
8236 323
8319 323
6535 2172
8707 16
8723 8
8731 4
8735 1
4414 4350
8764 2
8735 78
7621 1238
4571 4434
8766 458
8319 923
6535 2800
7452 1889
9242 156
8642 839
7452 2040
9492 1
7436 2241
8813 923
9492 312
4970 4926
9896 8
9904 2
9906 1
9896 36
7977 1982
