244
1 1
2 1
3 2
5 2
5 5
10 1
11 2
10 7
17 2
13 10
19 10
29 2
19 17
36 1
36 5
41 2
37 10
43 10
36 23
59 2
36 31
61 10
71 2
43 36
73 10
79 10
61 36
53 47
100 1
101 2
100 7
107 2
103 10
67 59
126 1
126 5
127 10
137 2
139 10
149 2
126 31
127 36
157 10
163 10
126 53
179 2
181 10
191 2
126 71
197 2
107 103
210 1
210 13
210 17
227 2
223 10
229 10
239 2
241 10
210 47
227 36
233 36
269 2
241 36
271 10
281 2
283 10
271 36
211 100
311 2
307 10
167 163
330 1
330 7
337 10
347 2
330 23
349 10
331 36
337 36
373 5
378 1
378 5
379 10
378 19
378 23
378 31
409 10
419 2
421 10
431 2
378 61
433 10
439 10
421 36
378 83
461 2
457 10
443 36
378 109
378 113
463 36
467 36
499 10
421 100
521 2
378 163
421 126
547 10
463 100
443 126
569 2
541 36
577 10
557 36
563 36
599 2
571 36
577 36
607 10
617 2
421 210
631 10
641 2
547 100
643 10
449 210
659 2
547 126
641 36
673 10
378 313
691 10
673 36
709 10
691 36
607 126
613 126
733 10
541 210
631 126
751 10
733 36
673 100
751 36
787 10
773 36
809 2
811 10
821 2
727 100
827 2
829 10
727 126
821 36
857 2
853 10
751 126
503 378
881 2
877 10
577 330
811 100
883 36
919 10
811 126
563 378
937 10
853 100
757 210
761 210
967 10
947 36
661 330
787 210
883 126
977 36
1009 10
1019 2
1021 10
1031 2
829 210
1039 10
1049 2
1051 10
1061 2
1033 36
1051 36
991 100
1091 2
1087 10
1093 10
1009 100
991 126
1087 36
1093 36
1051 100
1151 2
1153 10
1163 7
1170 1
1171 10
1170 17
1170 23
1170 31
1170 43
1181 36
1213 10
1193 36
1229 2
1201 36
1213 36
1249 10
1170 107
1277 2
1170 113
1279 10
1289 2
1171 126
1291 10
1301 2
1297 10
1283 36
1319 2
1291 36
1170 191
1170 197
1163 210
1171 210
1170 229
1399 10
1297 126
1327 100
1427 2
1423 10
1429 10
1321 126
1170 281
1451 2
1423 36
1093 378
1471 10
1481 2
1451 36
