4117
1 1
2 2
4 4
8 8
16 16
32 32
64 64
128 128
256 256
512 8
520 4
524 1
525 16
541 1
512 128
640 2
642 1
643 643
1286 1286
2572 2572
5144 2572
7716 643
8359 128
8487 32
8519 16
8535 8
8543 16
8559 1
8560 8560
17120 1286
18406 643
19049 520
19569 2
19571 1
19572 8560
28132 1286
29418 643
30061 520
30581 2
30583 1
30584 16
30600 1
30601 16
30617 1
30617 524
31141 256
31397 64
31461 16
31477 8
31485 4
31489 2
31491 7716
39207 128
39335 32
39367 16
39383 8
39391 39391
78782 78782
157564 8560
166124 2572
168696 643
169339 256
169595 16
169611 8
169619 2
169619 525
170144 520
170664 2
170666 1
170667 7716
178383 128
178511 32
178543 16
178559 8
178567 16
178583 1
178584 256
178840 64
178904 16
178920 8
178928 4
178932 2
178511 524
179035 7716
186751 128
186879 32
186911 16
186927 8
186935 256
187191 64
187255 16
187271 8
187279 4
187283 2
157564 30061
187625 8
187633 2
157564 39391
196955 1286
198241 256
198497 128
198625 16
198641 4
198645 2
198647 7716
206363 128
206491 32
206523 16
206539 8
206547 8560
215107 1286
216393 643
217036 520
217556 2
217558 1
217559 256
217815 64
217879 16
217895 8
217903 4
217907 2
178383 169621
348004 128
348132 4
348136 2
348138 1
348139 64
348203 32
348235 4
348239 1
348240 7716
355956 128
356084 32
356116 16
356132 8
186751 179035
365786 1286
367072 64
367136 16
196955 179035
375990 1286
377276 643
377919 128
378047 64
378111 32
378143 16
378159 4
378163 1
378164 16
378180 1
378181 16
378197 1
378198 256
378454 64
378518 16
378534 8
378542 4
378546 2
348004 157564
505568 2572
508140 542
508682 64
508746 32
508778 520
509298 2
509300 1
509300 524
509300 541
348004 170667
518671 1286
519957 643
520600 128
520728 64
520792 32
520824 16
520840 8
520848 4
520852 1
520853 256
521109 64
521173 16
521189 8
521197 4
521201 2
521203 7716
528919 128
529047 32
529079 16
529095 8
529103 78782
607885 39391
647276 8560
655836 2572
658408 643
659051 256
659307 16
659323 8
659331 2
659333 7716
667049 128
667177 32
667209 16
667225 8
667233 256
667489 64
667553 16
667569 8
667577 4
667581 2
378548 378548
757096 39391
796487 1286
797773 32
797805 8
505568 378548
884116 39391
923507 2572
926079 1286
927365 643
928008 32
928040 2
928042 1
928043 16
928059 1
928060 256
928316 64
928380 16
928396 8
928404 4
928408 2
928410 7716
936126 128
936254 32
936286 16
936302 8
936310 64
936374 32
936406 4
936410 1
529103 529103
1058206 8359
1066565 64
1066629 8
1066637 4
1066641 78782
1145423 39391
1184814 8560
1193374 2572
1195946 643
1196589 256
1196845 16
1196861 8
1196869 2
1196871 64
1196935 32
1196967 4
1196971 1
1196971 524
1196971 541
1197512 8560
1206072 1286
1207358 643
1208001 520
1208521 2
1208523 1
1208524 256
1208780 64
1208844 16
1208860 8
1208868 4
1208872 2
667583 667583
1335166 2572
1337738 1286
1339024 64
1339088 16
1339104 16
1339120 1
1339121 8560
1347681 1286
1348967 643
1349610 520
1350130 2
1350132 1
1350133 64
1350197 32
1350229 4
1350233 1
1350233 524
1350757 64
1350821 32
1350853 4
1350857 1
1350233 642
1350875 8560
1359435 1286
1360721 643
1361364 520
1361884 2
1361886 1
1361886 524
1362410 7716
1370126 128
1370254 32
1370286 16
1370302 8
1370310 16
1370326 1
1370327 8560
1378887 1286
1380173 643
1380816 520
1381336 2
1381338 1
1381339 78782
1460121 39391
1499512 8560
1508072 2572
1510644 643
1511287 256
1511543 16
1511559 8
1511567 2
1511569 16
1511585 1
884116 757096
1641212 542
1641754 32
1641786 16
1641802 8
1641810 4
1641814 2
1641816 7716
1649532 128
1649660 32
1649692 16
1649708 8
1649716 7716
1657432 128
1657560 32
1657592 16
1657608 8
1657616 7716
1665332 128
1665460 32
1665492 16
1665508 8
1665516 7716
1673232 128
1673360 32
1673392 16
1673408 8
1673416 256
1673672 64
1673736 16
1673752 8
1673760 4
1673764 2
1673764 525
1674289 64
1674353 32
1674385 4
1674389 1
1674389 524
884116 884116
1768232 31491
1799723 5144
1804867 256
1805123 16
1805139 4
1805143 64
1805207 32
1805239 4
1805243 1
1805243 524
1805767 256
1806023 64
1806087 16
1806103 8
1806111 4
1806115 2
1806115 525
1806640 64
1806704 32
1806736 4
1806740 1
1806741 7716
1814457 128
1814585 32
1814617 16
1814633 8
1806115 8543
1814658 64
1814722 32
1814754 4
1814758 1
1814759 16
1814775 1
1814585 541
1815126 7716
1822842 128
1822970 32
1823002 16
1823018 8
1058206 884116
1942322 8560
1950882 1286
1952168 643
1952811 256
1953067 128
1953195 32
1953227 16
1953243 8
1953251 4
1953255 1
1953256 78782
2032038 39391
2071429 8560
2079989 2572
2082561 643
2083204 256
2083460 16
2083476 8
2083484 2
2083486 256
2083742 64
2083806 16
2083822 8
2083830 4
2083834 2
2083836 16
2083852 1
2083853 64
2083917 32
2083949 4
2083953 1
2083954 8560
2092514 1286
2093800 643
2094443 520
2094963 2
2094965 1
2094966 7716
2102682 128
2102810 32
2102842 16
2102858 8
2102866 7716
2110582 128
2110710 32
2110742 16
2110758 8
2110766 520
2111286 2
2111288 1
2111289 64
2111353 32
2111385 4
2111389 1
2111390 7716
2119106 128
2119234 32
2119266 16
2119282 8
2119290 520
2119810 2
2119812 1
2119812 524
2120336 7716
2128052 128
2128180 32
2128212 16
2128228 8
1145423 1066641
2212064 39391
2251455 5144
2256599 1286
2257885 542
2258427 32
2258459 4
2258463 2
2258465 1
2258466 8560
2267026 1286
2268312 643
2268955 520
2269475 2
2269477 1
1206072 1193374
2399446 256
2399702 4
2399706 2
2399708 256
2399964 64
2400028 16
2400044 8
2400052 4
2400056 2
2400058 64
2400122 32
2400154 4
2400158 1
2400159 8560
2408719 1286
2410005 643
2410648 520
2411168 2
2411170 1
2411171 8560
2419731 1286
2421017 643
2421660 520
2422180 2
2422182 1
2422183 7716
2429899 128
2430027 32
2430059 16
2430075 8
2430083 256
2430339 64
2430403 16
2430419 8
2430427 4
2430431 2
2430431 525
2430956 256
2431212 64
2431276 16
2431292 8
2431300 4
2431304 2
2083204 348203
2431407 256
2431663 64
2431727 16
2431743 8
2431751 4
2431755 2
2431755 525
1335166 1208874
2544040 18406
2562446 64
2562510 520
2563030 2
2563032 1
2563033 16
2563049 1
2563050 8560
2571610 1286
2572896 643
2573539 520
2574059 2
2574061 1
2574062 8560
2582622 1286
2583908 643
2584551 520
2585071 2
2585073 1
2585074 16
2585090 1
2585091 256
2585347 64
2585411 16
2585427 8
2585435 4
2585439 2
2585439 525
2585964 8560
2594524 1286
2595810 643
2596453 520
2596973 2
2596975 1
2596976 16
2596992 1
1362410 1362410
2724820 1286
2726106 643
2726749 256
2727005 128
2727133 64
2727197 16
2727213 8
2727221 2
1460121 1381339
2841460 8560
2850020 5144
2855164 1286
2856450 643
2857093 256
2857349 64
2857413 32
2857445 8
2857453 520
2857973 2
2857975 1
2857975 524
2858499 7716
2866215 128
2866343 32
2866375 16
2866391 8
2866399 7716
2874115 128
2874243 32
2874275 16
2874291 8
2874299 64
2874363 32
2874395 4
2874399 1
2874399 524
1499512 1499512
2999024 5144
3004168 643
3004811 256
3005067 64
3005131 16
3005147 4
3005151 2
3005153 7716
3012869 128
3012997 32
3013029 16
3013045 8
3013053 16
3013069 1
3013070 7716
3020786 128
3020914 32
3020946 16
3020962 8
1510644 1510644
3021288 32
2093800 928043
1641212 1510644
3151856 128
3151984 64
3152048 16
3152064 8
3152072 1
3152073 78782
3230855 39391
3270246 8560
3278806 2572
3281378 643
3282021 256
3282277 16
3282293 8
3282301 2
3282303 256
3282559 64
3282623 16
3282639 8
3282647 4
3282651 2
1641754 1641212
3282966 32
3282998 4
3283002 1
3283003 64
3283067 32
3283099 4
3283103 1
3283104 64
3283168 32
3283200 4
3283204 1
3283205 7716
3290921 128
3291049 32
3291081 16
3291097 8
3291105 256
3291361 64
3291425 16
3291441 8
3291449 4
3291453 2
3291455 64
3291519 32
3291551 4
3291555 1
3291097 8359
3299456 7716
3307172 128
3307300 32
3307332 16
3307348 8
1657616 1657616
3315232 16
3315248 8
3315256 16
3315272 1
3315273 16
3315289 1
3315290 16
3315306 1
1768232 1674913
3443145 1286
3444431 643
3445074 256
3445330 128
3445458 64
3445522 8
3445530 4
3445534 2
3445536 1
3445537 64
3445601 32
3445633 4
3445637 1
3445638 256
3445894 64
3445958 16
3445974 8
3445982 4
3445986 2
3445988 16
3446004 1
1805143 1641212
1805244 1641212
3446456 256
3446712 64
3446776 16
3446792 8
3446800 4
3446804 2
3446804 525
3447329 7716
3455045 128
3455173 32
3455205 16
3455221 8
3455229 8560
3463789 1286
3465075 643
3465718 520
3466238 2
3466240 1
3466241 16
3466257 1
3466257 524
3466781 7716
3474497 128
3474625 32
3474657 16
3474673 8
3474681 520
3475201 2
3475203 1
3475203 524
3444431 31397
3475203 642
3475845 64
3475909 32
3475941 4
3475945 1
3475945 524
3445330 31489
3476819 64
3476883 32
3476915 4
3476919 1
3476920 8560
3485480 1286
3486766 643
3487409 520
3487929 2
3487931 1
1814641 1673392
3488033 64
3488097 32
3488129 4
3488133 1
3488134 256
3488390 64
3488454 16
3488470 8
3488478 4
3488482 2
3488484 256
3488740 64
3488804 16
3488820 8
3488828 4
3488832 2
3488834 64
3488898 32
3488930 4
3488934 1
3488935 7716
3496651 128
3496779 32
3496811 16
3496827 8
3496835 520
3497355 2
3497357 1
3497358 64
3497422 32
3497454 4
3497458 1
3497459 16
3497475 1
3497476 256
3497732 64
3497796 16
3497812 8
3497820 4
3497824 2
3497826 64
3497890 32
3497922 4
3497926 1
3291453 206491
3291049 217907
3508956 7716
3516672 128
3516800 32
3516832 16
3516848 8
3516856 8560
3525416 1286
3526702 643
3527345 520
3527865 2
3527867 1
3527868 256
3528124 64
3528188 16
3528204 8
3528212 4
3528216 2
1823026 1823026
3646052 8560
3654612 2572
3657184 643
3657827 542
3658369 64
3658433 8
3658441 4
3658445 2
3658447 1
3658448 8560
3667008 1286
3668294 643
3668937 520
3669457 2
3669459 1
3669460 256
3669716 64
3669780 16
3669796 8
3669804 4
3669808 2
1942322 1823026
3765348 31491
3796839 2572
3799411 542
3799953 64
3800017 16
3800033 4
3800037 2
3800039 1
3800040 16
3800056 1
3800057 64
3800121 32
3800153 4
3800157 1
3800158 256
3800414 64
3800478 16
3800494 8
3800502 4
3800506 2
3800506 525
3005067 796487
3801554 8560
3810114 1286
3811400 643
3812043 520
3812563 2
3812565 1
3812566 64
3812630 32
3812662 4
3812666 1
1953256 1953256
3906512 31491
3938003 2572
3940575 1286
3941861 643
3942504 256
3942760 128
3942888 8
3942896 1
3942897 64
3942961 32
3942993 4
3942997 1
3445330 505568
3950898 64
3950962 32
3950994 4
3950998 1
3950998 524
3951522 8560
3960082 1286
3961368 643
3962011 520
3962531 2
3962533 1
2032038 2032038
4064076 28132
4092208 542
4092750 8
4092758 4
4092762 2
4092764 256
4093020 64
4093084 16
4093100 8
4093108 4
4093112 2
4093114 16
4093130 1
2111390 2111390
4222780 542
4223322 32
4223354 4
4223358 2
4223360 1
4223360 524
4223884 7716
4231600 128
4231728 32
4231760 16
4231776 8
2212064 2128236
4340300 19572
4359872 1286
4361158 643
4361801 128
4361929 64
4361993 16
4362009 4
4362013 1
4362013 524
4362537 7716
4370253 128
4370381 32
4370413 16
4370429 8
4370437 64
4370501 32
4370533 4
4370537 1
4370538 7716
4378254 128
4378382 32
4378414 16
4378430 8
4378438 7716
4386154 128
4386282 32
4386314 16
4386330 8
4386338 16
4386354 1
4386355 7716
4394071 128
4394199 32
4394231 16
4394247 8
4394255 8560
4402815 1286
4404101 643
4404744 520
4405264 2
4405266 1
4405267 7716
4412983 128
4413111 32
4413143 16
4413159 8
4413167 16
4413183 1
4413184 64
4413248 32
4413280 4
4413284 1
2212064 2212064
4424128 128
4424256 32
4424288 8
4424296 1
2400159 2032038
4432197 16
4432213 1
4432214 256
4432470 64
4432534 16
4432550 8
4432558 4
4432562 2
2269478 2269478
4538956 19572
4558528 2572
4561100 1286
4562386 256
4562642 128
4562770 16
4562786 8
4562794 520
4563314 2
4563316 1
2399446 2269478
4668924 19572
4688496 2572
4691068 1286
4692354 643
4692997 542
4693539 8
4693547 7716
4701263 128
4701391 32
4701423 16
4701439 8
4701447 520
4701967 2
4701969 1
2419731 2411171
4830902 1286
4832188 8
4832196 4
2544040 2411171
4955211 5144
4960355 1286
4961641 643
4962284 128
4962412 16
4962428 2
4962430 7716
4970146 128
4970274 32
4970306 16
4970322 8
4970330 16
4970346 1
4970347 16
4970363 1
2544040 2544040
5088080 8560
5096640 2572
5099212 1286
5100498 64
5100562 32
5100594 520
5101114 2
5101116 1
5100498 8519
5109017 8560
5117577 1286
5118863 643
5119506 520
5120026 2
5120028 1
5120029 64
5120093 32
5120125 4
5120129 1
5120130 7716
5127846 128
5127974 32
5128006 16
5128022 8
5128030 16
5128046 1
5128046 524
3942993 1196589
5139582 520
5140102 2
5140104 1
5140105 16
5140121 1
5140122 8560
5148682 1286
5149968 643
5150611 520
5151131 2
5151133 1
3942961 1208523
5151484 64
5151548 32
5151580 4
5151584 1
3812662 1339024
5151686 256
5151942 64
5152006 16
5152022 8
5152030 4
5152034 2
5152036 64
5152100 32
5152132 4
5152136 1
5152137 7716
5159853 128
5159981 32
5160013 16
5160029 8
5128570 39367
5139582 39367
5148682 30617
2724820 2584551
5309371 128
5309499 16
5309515 8
5309523 4
5309527 2
5309527 525
5310052 256
5310308 64
5310372 16
5310388 8
5310396 4
5310400 2
2724820 2596453
5321273 128
5321401 8
5321409 4
5321413 1
5321414 64
5321478 32
5321510 4
5321514 1
5321515 8560
5330075 1286
5331361 643
5332004 520
5332524 2
5332526 1
5332526 524
2727223 2727223
5454446 8560
5463006 256
5463262 16
5463278 2
5463280 8560
5471840 1286
5473126 643
5473769 520
5474289 2
5474291 1
5474292 7716
5482008 128
5482136 32
5482168 16
5482184 8
5482192 16
5482208 1
5321413 168696
5490109 256
5490365 64
5490429 16
5490445 8
5490453 4
5490457 2
5490459 78782
5569241 39391
5608632 8560
5617192 2572
5619764 643
5620407 256
5620663 16
5620679 8
5620687 2
5620689 8560
5629249 1286
5630535 643
5631178 520
5631698 2
5631700 1
5631701 16
5631717 1
5631717 524
5632241 8560
5640801 1286
5642087 643
5642730 520
5643250 2
5643252 1
5643253 256
5643509 64
5643573 16
5643589 8
5643597 4
5643601 2
5643603 16
5643619 1
5643620 8560
5652180 1286
5653466 643
5654109 520
5654629 2
5654631 1
5654632 7716
5662348 128
5662476 32
5662508 16
5662524 8
2874923 2874923
5749846 39391
5789237 2572
5791809 643
5792452 256
5792708 32
5792740 16
5792756 4
5792760 2
5792762 64
5792826 32
5792858 4
5792862 1
5792863 7716
5800579 128
5800707 32
5800739 16
5800755 8
5800763 78782
5879545 39391
5918936 8560
5927496 2572
5930068 643
5930711 256
5930967 16
5930983 8
5930991 2
5930993 256
5931249 64
5931313 16
5931329 8
5931337 4
5931341 2
5931343 16
5931359 1
5931313 64
5931377 7716
5939093 128
5939221 32
5939253 16
5939269 8
5939277 64
5939341 32
5939373 4
5939377 1
5939378 16
5939394 1
5939221 524
5939745 520
5940265 2
5940267 1
5940268 64
5940332 32
5940364 4
5940368 1
5940369 8560
5948929 1286
5950215 643
5950858 520
5951378 2
5951380 1
5951381 7716
5959097 128
5959225 32
5959257 16
5959273 8
5959281 7716
5966997 128
5967125 32
5967157 16
5967173 8
3667008 2430403
6097411 7716
6105127 128
6105255 32
6105287 16
6105303 8
6105311 520
6105831 2
6105833 1
6105834 256
6106090 64
6106154 16
6106170 8
6106178 4
6106182 2
6106184 16
6106200 1
6106201 8560
6114761 1286
6116047 643
6116690 520
6117210 2
6117212 1
6117213 16
6117229 1
6117230 64
6117294 32
6117326 4
6117330 1
6117331 256
6117587 64
6117651 16
6117667 8
6117675 4
6117679 2
6117681 78782
6196463 39391
6235854 8560
6244414 2572
6246986 643
6247629 256
6247885 16
6247901 8
6247909 2
6247911 78782
6326693 39391
6366084 8560
6374644 2572
6377216 643
6377859 256
6378115 16
6378131 8
6378139 2
6378141 7716
6385857 128
6385985 32
6386017 16
6386033 8
6386041 256
6386297 64
6386361 16
6386377 8
6386385 4
6386389 2
6386389 525
3270246 3230855
6501101 8560
6509661 5144
6514805 1286
6516091 643
6516734 256
6516990 128
6517118 16
6517134 8
6517142 2
6517144 8560
6525704 1286
6526990 643
6527633 520
6528153 2
6528155 1
6528156 8560
6536716 1286
6538002 643
6538645 520
6539165 2
6539167 1
3278806 3270246
6549052 643
6549695 256
6549951 128
6550079 64
6550143 32
6550175 4
6550179 1
6550180 256
6550436 64
6550500 16
6550516 8
6550524 4
6550528 2
6550530 256
6550786 64
6550850 16
6550866 8
6550874 4
6550878 2
6550880 16
6550896 1
3283103 3278806
6561909 520
6562429 2
6562431 1
3290921 3282303
6573224 128
6573352 64
6573416 16
6573432 8
6573440 4
6573444 520
6573964 2
6573966 1
6573967 64
6574031 32
6574063 4
6574067 1
6386914 187255
3291049 3290921
6581970 64
6582034 32
6582066 2
6582068 1
6582069 7716
6589785 128
6589913 32
6589945 16
6589961 8
6589969 7716
6597685 128
6597813 32
6597845 16
6597861 8
3307172 3299456
6606628 1286
6607914 643
6608557 256
6608813 64
6608877 4
6608881 520
6609401 2
6609403 1
6609403 524
6609927 520
6610447 2
6610449 1
6610450 64
6610514 32
6610546 4
6610550 1
6610551 8560
6619111 1286
6620397 643
6621040 520
6621560 2
6621562 1
6621562 524
6622086 520
6622606 2
6622608 1
6622609 256
6622865 64
6622929 16
6622945 8
6622953 4
6622957 2
6622959 256
6623215 64
6623279 16
6623295 8
6623303 4
6623307 2
6623309 16
6623325 1
6623326 8560
6631886 1286
6633172 643
6633815 520
6634335 2
6634337 1
6634338 64
6634402 32
6634434 4
6634438 1
3443145 3315307
6758452 5144
6763596 643
6764239 256
6764495 128
6764623 32
6764655 8
6764663 4
6764667 2
6764669 8560
6773229 1286
6774515 643
6775158 520
6775678 2
6775680 1
6775681 16
6775697 1
6775698 64
6775762 32
6775794 4
6775798 1
6775799 64
6775863 32
6775895 4
6775899 1
6775900 7716
6783616 128
6783744 32
6783776 16
6783792 8
3463789 3447329
6911118 2572
6913690 256
6913946 64
6914010 16
6914026 4
6914030 256
6914286 64
6914350 16
6914366 8
6914374 4
6914378 2
6914380 8560
6922940 1286
6924226 643
6924869 520
6925389 2
6925391 1
6925392 7716
6933108 128
6933236 32
6933268 16
6933284 8
6933292 8560
6941852 1286
6943138 643
6943781 520
6944301 2
6944303 1
6944304 64
6944368 32
6944400 4
6944404 1
3476920 3476920
6953840 1286
6955126 256
6955382 32
6955414 2
6955416 1
6955417 8560
6963977 1286
6965263 643
6965906 520
6966426 2
6966428 1
6966429 256
6966685 64
6966749 16
6966765 8
6966773 4
6966777 2
6966779 16
6966795 1
3646052 3447329
7093381 2572
7095953 643
7096596 256
7096852 128
7096980 32
7097012 8
7097020 4
7097024 2
7097024 525
7097549 78782
7176331 39391
7215722 8560
7224282 2572
7226854 643
7227497 256
7227753 16
7227769 8
7227777 2
7227779 7716
7235495 128
7235623 32
7235655 16
7235671 8
7235679 16
7235695 1
7235696 7716
7243412 128
7243540 32
7243572 16
7243588 8
7243596 7716
7251312 128
7251440 32
7251472 16
7251488 8
7251496 7716
7259212 128
7259340 32
7259372 16
7259388 8
7259396 256
7259652 64
7259716 16
7259732 8
7259740 4
7259744 2
3669810 3669810
7339620 39391
7379011 8560
7387571 1286
7388857 643
7389500 256
7389756 128
7389884 64
7389948 16
7389964 8
7389972 4
4970346 2419731
7390077 8560
7398637 1286
7399923 643
7400566 520
7401086 2
7401088 1
7401089 256
7401345 64
7401409 16
7401425 8
7401433 4
7401437 2
3765348 3646052
7411400 643
7412043 256
7412299 128
7412427 16
7412443 8
7412451 520
7412971 2
7412973 1
7412974 7716
7420690 128
7420818 32
7420850 16
7420866 8
7420874 256
7421130 64
7421194 16
7421210 8
7421218 4
7421222 2
7389756 31485
7421222 542
7421764 520
7422284 2
7422286 1
7422287 7716
7430003 128
7430131 32
7430163 16
7430179 8
7430187 8560
7438747 1286
7440033 643
7440676 520
7441196 2
7441198 1
7441199 256
7441455 64
7441519 16
7441535 8
7441543 4
7441547 2
7441549 8560
7450109 1286
7451395 643
7452038 520
7452558 2
7452560 1
7452561 16
7452577 1
3962534 3497944
7460478 256
7460734 64
7460798 16
7460814 8
7460822 4
7460826 2
7460826 525
7461351 7716
7469067 128
7469195 32
7469227 16
7469243 8
7469251 7716
7476967 128
7477095 32
7477127 16
7477143 8
5662476 1814776
7477252 16
7477268 1
7477269 8560
7485829 1286
7487115 643
7487758 520
7488278 2
7488280 1
7488281 64
7488345 32
7488377 4
7488381 1
7488382 16
7488398 1
7488399 64
7488463 32
7488495 4
7488499 1
7488500 256
7488756 64
7488820 16
7488836 8
7488844 4
7488848 2
7488850 8560
7497410 1286
7498696 643
7499339 520
7499859 2
7499861 1
7499862 64
7499926 32
7499958 4
7499962 1
3812667 3812667
7625334 2572
7627906 1286
7629192 643
7629835 256
7630091 64
7630155 32
7630187 4
7630191 2
7630193 64
7630257 32
7630289 4
7630293 1
3906512 3812667
7719179 39391
7758570 1286
7759856 643
7760499 16
7760515 8
7760523 1
7760524 16
7760540 1
7760541 8560
7769101 1286
7770387 643
7771030 520
7771550 2
7771552 1
7771553 7716
7779269 128
7779397 32
7779429 16
7779445 8
7779453 256
7779709 64
7779773 16
7779789 8
7779797 4
7779801 2
3960082 3942998
7903080 5144
7908224 1286
7909510 520
7910030 2
7910032 1
7910033 7716
7917749 128
7917877 32
7917909 16
7917925 8
4432470 3485480
7917950 7716
7925666 128
7925794 32
7925826 16
7925842 8
7925850 8560
7934410 1286
7935696 643
7936339 520
7936859 2
7936861 1
7936862 64
7936926 32
7936958 4
7936962 1
7936963 64
7937027 32
7937059 4
7937063 1
7937064 256
7937320 64
7937384 16
7937400 8
7937408 4
7937412 2
7937412 525
7937937 520
7938457 2
7938459 1
7938459 524
4064076 3962534
8026610 39391
8066001 2572
8068573 640
8069213 8560
8077773 1286
8079059 643
8079702 520
8080222 2
8080224 1
8080225 256
8080481 64
8080545 16
8080561 8
8080569 4
8080573 2
8080575 64
8080639 32
8080671 4
8080675 1
8080675 524
8081199 8560
8089759 1286
8091045 643
8091688 520
8092208 2
8092210 1
8092211 64
8092275 32
8092307 4
8092311 1
8092312 8560
8100872 1286
8102158 643
8102801 520
8103321 2
8103323 1
4093131 4093131
8186262 39391
8225653 7716
8233369 128
8233497 32
8233529 16
8233545 8
8233553 1
8233554 16
8233570 1
8233571 256
8233827 64
8233891 16
8233907 8
8233915 4
8233919 2
8233921 256
8234177 64
8234241 16
8234257 8
8234265 4
8234269 2
8234271 8560
8242831 1286
8244117 643
8244760 520
8245280 2
8245282 1
8245283 78782
8324065 39391
8363456 8560
8372016 2572
8374588 643
8375231 256
8375487 16
8375503 8
8375511 2
8375513 256
8375769 64
8375833 16
8375849 8
8375857 4
8375861 2
8375863 64
8375927 32
8375959 4
8375963 1
8375964 256
8376220 64
8376284 16
8376300 8
8376308 4
8376312 2
8376312 525
6562429 1814758
8377187 256
8377443 64
8377507 16
8377523 8
8377531 4
8377535 2
4231784 4231784
8463568 39391
8502959 2572
8505531 1286
8506817 643
8507460 256
8507716 32
8507748 16
8507764 2
8507766 1
8507767 256
8508023 64
8508087 16
8508103 8
8508111 4
8508115 2
8508115 525
8508115 542
8508657 16
8508673 1
8508674 16
8508690 1
8508691 16
8508707 1
8508708 256
8508964 64
8509028 16
8509044 8
8509052 4
8509056 2
8509058 78782
8587840 39391
8627231 8560
8635791 2572
8638363 643
8639006 256
8639262 16
8639278 8
8639286 2
8639288 8560
8647848 1286
8649134 643
8649777 520
8650297 2
8650299 1
8650300 8560
8658860 1286
8660146 643
8660789 520
8661309 2
8661311 1
6106182 2563030
8669212 16
8669228 1
8669229 256
8669485 64
8669549 16
8669565 8
8669573 4
8669577 2
8669579 16
8669595 1
8669596 64
8669660 32
8669692 4
8669696 1
4402815 4394255
8797070 2572
8799642 256
8799898 16
8799914 8
8799922 4
8799926 1
8799926 524
8800450 520
8800970 2
8800972 1
4405267 4405267
8810534 1286
8811820 128
8811948 32
8811980 4
8811984 1
8811985 8560
8820545 1286
8821831 643
8822474 520
8822994 2
8822996 1
8822997 256
8823253 64
8823317 16
8823333 8
8823341 4
8823345 2
8823345 525
8823345 542
4538956 4413285
8952241 1286
8953527 542
8954069 32
8954101 16
4538956 4538956
9077912 5144
9083056 1286
9084342 4
9084346 1
9084347 16
9084363 1
4668924 4538956
9207880 5144
9213024 1286
9214310 256
9214566 16
9214582 8
9214590 4
9214594 16
9214610 1
9214611 256
9214867 64
9214931 16
9214947 8
9214955 4
9214959 2
4668924 4668924
9337848 5144
9342992 1286
9344278 643
9344921 256
9345177 8
9345185 4
9345189 2
9345191 256
9345447 64
9345511 16
9345527 8
9345535 4
9345539 2
9345541 256
9345797 64
9345861 16
9345877 8
9345885 4
9345889 2
9345891 64
9345955 32
9345987 4
9345991 1
9345992 78782
9424774 39391
9464165 8560
9472725 2572
9475297 643
9475940 256
9476196 16
9476212 8
9476220 2
9476222 16
9476238 1
9476212 128
9476340 256
9476596 64
9476660 16
9476676 8
9476684 4
9476688 2
9476690 78782
9555472 39391
9594863 8560
9603423 2572
9605995 643
9606638 256
9606894 16
9606910 8
9606918 2
9606920 256
9607176 64
9607240 16
9607256 8
9607264 4
9607268 2
9607270 78782
9686052 39391
9725443 8560
9734003 2572
9736575 643
9737218 256
9737474 16
9737490 8
9737498 2
9737500 64
9737564 32
9737596 4
9737600 1
9737601 256
9737857 64
9737921 16
9737937 8
9737945 4
9737949 2
9737951 64
9738015 32
9738047 4
9738051 1
8080561 1657592
9738153 8560
9746713 1286
9747999 643
9748642 520
9749162 2
9749164 1
9749165 7716
9756881 128
9757009 32
9757041 16
9757057 8
9757065 7716
9764781 128
9764909 32
9764941 16
9764957 8
6914366 2858499
9772865 78782
9851647 39391
9891038 8560
9899598 2572
9902170 643
9902813 256
9903069 16
9903085 8
9903093 2
9903093 525
5620689 4413159
10033848 16
10033864 1
10033865 256
10034121 64
10034185 16
10034201 8
10034209 4
10034213 2
10034215 64
10034279 32
10034311 4
10034315 1
10034316 7716
10042032 128
10042160 32
10042192 16
10042208 8
10042216 7716
10049932 128
10050060 32
10050092 16
10050108 8
10050116 8560
10058676 1286
10059962 643
10060605 520
10061125 2
10061127 1
10061128 7716
10068844 128
10068972 32
10069004 16
10069020 8
5099212 5099212
10198424 643
10199067 128
10199195 32
10199227 16
10199243 8
10199251 4
10199255 2
10199257 1
10199257 524
9851647 348235
5109017 5101117
10210134 643
10210777 64
10210841 32
10210873 16
10210889 4
10210893 1
10210894 64
10210958 32
10210990 4
10210994 1
10210995 7716
10218711 128
10218839 32
10218871 16
10218887 8
10218895 256
10219151 64
10219215 16
10219231 8
10219239 4
10219243 2
10219245 256
10219501 64
10219565 16
10219581 8
10219589 4
10219593 2
10219593 525
10220118 520
10220638 2
10220640 1
10220641 64
10220705 32
10220737 4
10220741 1
10220742 8560
10229302 1286
10230588 643
10231231 520
10231751 2
10231753 1
10231754 8560
10240314 1286
10241600 643
10242243 520
10242763 2
10242765 1
10242765 524
10243289 7716
10251005 128
10251133 32
10251165 16
10251181 8
10251189 8560
10259749 1286
10261035 643
10261678 520
10262198 2
10262200 1
10262201 256
10262457 64
10262521 16
10262537 8
10262545 4
10262549 2
10262549 525
5179299 5179299
10358598 31491
10390089 2572
10392661 643
10393304 520
10393824 2
10393826 1
10393827 64
10393891 32
10393923 4
10393927 1
10393928 256
10394184 64
10394248 16
10394264 8
10394272 4
10394276 2
10394276 525
10394801 256
10395057 64
10395121 16
10395137 8
10395145 4
10395149 2
5309371 5179299
10488670 31491
10520161 5144
10525305 64
10525369 8
10525377 4
10525381 64
10525445 32
10525477 4
10525481 1
8233529 2422183
10655712 256
10655968 64
10656032 16
10656048 8
10656056 4
10656060 2
10656060 525
5333050 5333050
10666100 1286
10667386 128
10667514 64
10667578 16
10667594 2
10667596 1
10667597 64
10667661 32
10667693 4
10667697 1
10667697 524
10667697 541
10668238 256
10668494 64
10668558 16
10668574 8
10668582 4
10668586 2
10668588 7716
10676304 128
10676432 32
10676464 16
10676480 8
8245283 2431306
10676589 16
10676605 1
10676432 524
10676956 256
10677212 64
10677276 16
10677292 8
10677300 4
10677304 2
10677306 7716
10685022 128
10685150 32
10685182 16
10685198 8
10685206 16
10685222 1
10685223 8560
10693783 1286
10695069 643
10695712 520
10696232 2
10696234 1
10696235 256
10696491 64
10696555 16
10696571 8
10696579 4
10696583 2
10696585 64
10696649 32
10696681 4
10696685 1
5454446 5333050
10787496 39391
10826887 16
10826903 8
10826911 4
10826915 1
10826916 256
10827172 64
10827236 16
10827252 8
10827260 4
10827264 2
10827266 64
10827330 32
10827362 4
10827366 1
10827366 524
10827890 520
10828410 2
10828412 1
10828413 64
10828477 32
10828509 4
10828513 1
10828514 64
10828578 32
10828610 4
10828614 1
10828615 7716
10836331 128
10836459 32
10836491 16
10836507 8
5482209 5482209
10964418 1286
10965704 643
10966347 256
10966603 128
10966731 8
10966739 4
10966743 2
10966745 16
10966761 1
7488844 3488930
7450109 3528188
10978297 16
10978313 1
6607914 4370501
10050116 928316
10966761 19571
10986332 520
10986852 2
10986854 1
10986855 8560
10995415 1286
10996701 643
10997344 520
10997864 2
10997866 1
10997867 256
10998123 64
10998187 16
10998203 8
10998211 4
10998215 2
10998215 525
10998740 7716
11006456 128
11006584 32
11006616 16
11006632 8
11006640 8560
11015200 1286
11016486 643
11017129 520
11017649 2
11017651 1
11017652 16
11017668 1
11017668 524
10220737 797805
11018542 7716
11026258 128
11026386 32
11026418 16
11026434 8
5569241 5569241
11138482 17120
11155602 643
11156245 256
11156501 128
11156629 32
11156661 8
11156669 2
11156671 1
5643509 5643253
11286762 128
11286890 8
11286898 4
11286902 64
11286966 32
11286998 4
11287002 1
11287003 7716
11294719 128
11294847 32
11294879 16
11294895 8
10358598 936406
6610550 4692354
6621562 4692354
11313916 64
11313980 32
11314012 4
11314016 1
11314017 256
11314273 64
11314337 16
11314353 8
11314361 4
11314365 2
11314365 525
5749846 5662532
11412378 31491
11443869 643
11444512 542
11445054 64
11445118 2
11445120 64
11445184 32
11445216 4
11445220 1
9464165 2111286
5792863 5792863
11585726 643
11586369 64
11586433 16
11586449 8
11586457 4
11586461 2
5879545 5800763
11680308 31491
11711799 2572
11714371 1286
11715657 643
11716300 256
11716556 128
11716684 8
11716692 1
11716693 64
11716757 32
11716789 4
11716793 1
11716793 524
11717317 7716
11725033 128
11725161 32
11725193 16
11725209 8
11725217 64
11725281 32
11725313 4
11725317 1
11725318 16
11725334 1
11725335 7716
11733051 128
11733179 32
11733211 16
11733227 8
11733235 7716
11740951 128
11741079 32
11741111 16
11741127 8
11741135 64
11741199 32
11741231 4
11741235 1
11733227 8359
10198424 1673392
11871816 520
11872336 2
11872338 1
6550878 5321478
6097411 5879545
11976956 19572
11996528 5144
12001672 643
12002315 256
12002571 8
12002579 4
12002583 2
12002585 1
12002586 8560
12011146 1286
12012432 643
12013075 520
12013595 2
12013597 1
12013598 64
12013662 32
12013694 4
12013698 1
12013698 524
12014222 7716
12021938 128
12022066 32
12022098 16
12022114 8
12022122 7716
12029838 128
12029966 32
12029998 16
12030014 8
12030022 78782
12108804 39391
12148195 8560
12156755 2572
12159327 643
12159970 256
12160226 16
12160242 8
12160250 2
10656585 1511567
12168152 256
12168408 64
12168472 16
12168488 8
12168496 4
12168500 2
6516990 5662524
7488463 4691068
9605995 2574059
6196463 6106201
12302664 5144
12307808 1286
12309094 643
12309737 542
12310279 4
12310283 1
12310284 7716
12318000 128
12318128 32
12318160 16
12318176 8
6235854 6196463
12432317 8560
12440877 5144
12446021 1286
12447307 643
12447950 256
12448206 128
12448334 64
12448398 16
12448414 520
12448934 2
12448936 1
12448937 7716
12456653 128
12456781 32
12456813 16
12456829 8
8507767 3960082
6326693 6247911
12574604 19572
12594176 2572
12596748 1286
12598034 32
12598066 8
12598074 4
12598078 1
12598079 256
12598335 64
12598399 16
12598415 8
12598423 4
12598427 2
6366084 6326693
12692777 31491
12724268 2572
12726840 1286
12728126 525
12728651 8
6501101 6326693
12827794 30618
12858412 256
12858668 128
12858796 64
12858860 16
12858876 8
12858884 4
12858888 1
12858889 16
12858905 1
12858906 7716
12866622 128
12866750 32
12866782 16
12866798 8
12866806 78782
12945588 39391
12984979 8560
12993539 2572
12996111 643
12996754 256
12997010 16
12997026 8
12997034 2
12997036 64
12997100 32
12997132 4
12997136 1
12997026 128
12997154 8560
13005714 1286
13007000 643
13007643 520
13008163 2
13008165 1
13008166 256
13008422 64
13008486 16
13008502 8
13008510 4
13008514 2
13008516 256
13008772 64
13008836 16
13008852 8
13008860 4
13008864 2
13008866 7716
13016582 128
13016710 32
13016742 16
13016758 8
13016766 7716
13024482 128
13024610 32
13024642 16
13024658 8
6574169 6574169
13148338 5144
13153482 1286
13154768 128
13154896 64
13154960 32
13154992 4
13154996 1
13154997 16
13155013 1
13155014 64
13155078 32
13155110 4
13155114 1
6758452 6525704
13284156 643
13284799 542
13285341 4
6758452 6634439
13392891 19572
13412463 2572
13415035 525
13415560 8
13415568 4
13415572 2
13415574 1
13415574 524
10394264 3152064
6783616 6773229
13556845 256
13557101 128
13557229 64
13557293 32
13557325 8
13557333 4
13557337 2
13557339 1
13557325 32
6783800 6783800
13567600 643
13568243 64
13568307 32
13568339 16
13568355 8
13568363 4
13568367 2
13568369 8560
13576929 1286
13578215 643
13578858 520
13579378 2
13579380 1
13579380 524
13579904 64
13579968 32
13580000 4
13580004 1
6911118 6783800
13694918 8560
13703478 5144
13708622 1286
13709908 256
13710164 64
13710228 4
13710232 2
13710234 1
13710235 64
13710299 32
13710331 4
13710335 1
10395121 3315232
13710353 8560
13718913 1286
13720199 643
13720842 520
13721362 2
13721364 1
13721364 524
13721888 64
13721952 32
13721984 4
13721988 1
13721364 642
13722006 64
13722070 32
13722102 4
13722106 1
13722107 8560
13730667 1286
13731953 643
13732596 520
13733116 2
13733118 1
13733118 524
11017649 2727005
13744654 256
13744910 64
13744974 16
13744990 8
13744998 4
13745002 2
13745004 16
13745020 1
13744974 64
7630294 6114761
13745055 8560
13753615 1286
13754901 643
13755544 520
13756064 2
13756066 1
6943138 6943138
13886276 16
13886292 4
13886296 1
7771553 6114761
13886314 64
13886378 32
13886410 4
13886414 1
7093381 6922940
14016321 256
14016577 64
14016641 4
14016645 78782
14095427 39391
14134818 8560
14143378 2572
14145950 643
14146593 256
14146849 16
14146865 8
14146873 2
11716794 2430431
11717317 2430431
14147748 8560
14156308 1286
14157594 643
14158237 520
14158757 2
14158759 1
14158759 524
14159283 256
14159539 64
14159603 16
14159619 8
14159627 4
14159631 2
14159633 64
14159697 32
14159729 4
14159733 1
14159734 64
14159798 32
14159830 4
14159834 1
14159835 256
14160091 64
14160155 16
14160171 8
14160179 4
14160183 2
14160185 16
14160201 1
8508690 5662524
7387571 6783744
14171315 16
14171331 1
14171332 8560
14179892 1286
14181178 643
14181821 520
14182341 2
14182343 1
14016321 166124
14182445 256
14182701 64
14182765 16
14182781 8
14182789 4
14182793 2
7096852 7096852
14193704 64
14193768 32
14193800 4
14193804 2
14193806 1
7176331 7097549
14273880 39391
14313271 8560
14321831 1286
14323117 643
14323760 256
14324016 16
14324032 4
14324036 1
14324036 524
14324560 256
14324816 64
14324880 16
14324896 8
14324904 4
14324908 2
14324910 8560
14333470 1286
14334756 643
14335399 520
14335919 2
14335921 1
14335922 16
14335938 1
14335939 7716
14343655 128
14343783 32
14343815 16
14343831 8
14343839 16
14343855 1
7235696 7235696
14471392 2572
14473964 64
14474028 32
14474060 16
14474076 8
14474084 2
14474086 8560
14482646 1286
14483932 643
14484575 520
14485095 2
14485097 1
7339620 7259746
14599366 8560
14607926 5144
14613070 1286
14614356 643
14614999 256
14615255 64
14615319 8
14615327 1
14615328 64
14615392 32
14615424 4
14615428 1
11741231 2874299
14615530 256
14615786 64
14615850 16
14615866 8
14615874 4
14615878 2
14615880 8560
14624440 1286
14625726 643
14626369 520
14626889 2
14626891 1
14626892 7716
14634608 128
14634736 32
14634768 16
14634784 8
14634792 16
14634808 1
14615255 19571
14615878 19049
8092311 6550516
14642827 520
14643347 2
14643349 1
7387571 7379011
14766582 5144
14771726 1286
14773012 542
14773554 16
14773570 8
14773578 2
7937384 6966426
7625334 7401439
15026773 5144
15031917 1286
15033203 643
15033846 128
15033974 64
15034038 2
15034040 7716
15041756 128
15041884 32
15041916 16
15041932 8
15041940 256
15042196 64
15042260 16
15042276 8
15042284 4
15042288 2
15042290 64
15042354 32
15042386 4
15042390 1
15042391 256
15042647 64
15042711 16
15042727 8
15042735 4
15042739 2
15042739 525
15043264 64
15043328 32
15043360 4
15043364 1
7625334 7499963
15125297 39391
15164688 8560
15173248 256
15173504 64
15173568 16
15173584 8
15173592 2
15173594 1
15173595 8560
15182155 1286
15183441 643
15184084 520
15184604 2
15184606 1
15184607 16
15184623 1
15184624 7716
15192340 128
15192468 32
15192500 16
15192516 8
11716684 3475941
15192625 520
15193145 2
15193147 1
15193147 524
15193671 78782
15272453 39391
15311844 8560
15320404 2572
15322976 643
15323619 256
15323875 16
15323891 8
15323899 2
7719179 7719179
15438358 8560
15446918 5144
15452062 1286
15453348 643
15453991 128
15454119 8
15454127 4
15454131 256
15454387 64
15454451 16
15454467 8
15454475 4
15454479 2
15454481 64
15454545 32
15454577 4
15454581 1
7779803 7779803
15559606 19572
15579178 5144
15584322 256
15584578 128
15584706 64
15584770 32
15584802 8
15584810 2
15584810 525
15585335 64
15585399 32
15585431 4
15585435 1
15584810 643
15585453 64
15585517 32
15585549 4
15585553 1
15585554 256
15585810 64
15585874 16
15585890 8
15585898 4
15585902 2
7903080 7779803
15682883 31491
15714374 1286
15715660 256
15715916 128
15716044 64
15716108 16
15716124 8
15716132 2
12318176 3528188
15846364 64
15846428 32
15846460 4
15846464 1
15846465 7716
15854181 128
15854309 32
15854341 16
15854357 8
15854365 8560
15862925 1286
15864211 643
15864854 520
15865374 2
15865376 1
15865377 16
15865393 1
7936859 7936339
15873198 64
15873262 32
15873294 7716
15881010 128
15881138 32
15881170 16
15881186 8
15881194 16
15881210 1
15881211 256
15881467 64
15881531 16
15881547 8
15881555 4
15881559 2
15881561 256
15881817 64
15881881 16
15881897 8
15881905 4
15881909 2
15881911 7716
15889627 128
15889755 32
15889787 16
15889803 8
15889811 7716
15897527 128
15897655 32
15897687 16
15897703 8
15897711 7716
15905427 128
15905555 32
15905587 16
15905603 8
15905611 8560
15914171 1286
15915457 643
15916100 520
15916620 2
15916622 1
15916623 7716
15924339 128
15924467 32
15924499 16
15924515 8
8026610 8026610
16053220 1286
16054506 128
16054634 64
16054698 32
16054730 16
16054746 4
16054750 2
16054752 1
8092312 8092312
16184624 256
16184880 64
16184944 32
16184976 4
16184980 2
16184982 1
16184983 64
16185047 32
16185079 4
16185083 1
16185084 64
16185148 32
16185180 4
16185184 1
16185185 8560
16193745 1286
16195031 643
16195674 520
16196194 2
16196196 1
16196196 524
16196720 256
16196976 64
16197040 16
16197056 8
16197064 4
16197068 2
8102801 8102158
16204959 8
16204967 2
16204969 1
16204969 524
16205493 520
16206013 2
16206015 1
8186262 8103324
16289586 39391
16328977 5144
16334121 1286
16335407 643
16336050 128
16336178 64
16336242 4
16336246 64
16336310 32
16336342 4
16336346 1
8233369 8225653
16459022 5144
16464166 1286
16465452 643
16466095 256
16466351 128
16466479 64
16466543 32
16466575 2
16466575 525
10219565 6247885
11015200 5463262
16478462 7716
16486178 128
16486306 32
16486338 16
16486354 8
16486362 8560
16494922 1286
16496208 643
16496851 520
16497371 2
16497373 1
16497374 16
16497390 1
16497391 8560
16505951 1286
16507237 643
16507880 520
16508400 2
16508402 1
16508403 16
16508419 1
16508420 8560
16516980 1286
16518266 643
16518909 520
16519429 2
16519431 1
16519431 524
16519955 256
16520211 64
16520275 16
16520291 8
16520299 4
16520303 2
16520303 525
16520828 8560
16529388 1286
16530674 643
16531317 520
16531837 2
16531839 1
16531840 16
16531856 1
9737218 6924869
10033865 6758452
10034215 6758452
15584322 1208868
15454119 1339088
16793207 520
16793727 2
16793729 1
16793730 64
16793794 32
16793826 4
16793830 1
10220741 6573440
16794181 7716
16801897 128
16802025 32
16802057 16
16802073 8
16802081 64
16802145 32
16802177 4
16802181 1
16802182 8560
16810742 1286
16812028 643
16812671 520
16813191 2
16813193 1
9899598 6913946
13285341 3658433
16943774 520
16944294 2
16944296 1
16944297 256
16944553 64
16944617 16
16944633 8
16944641 4
16944645 2
16944647 8560
16953207 1286
16954493 643
16955136 520
16955656 2
16955658 1
8587840 8463568
17051408 31491
17082899 2572
17085471 256
17085727 128
17085855 32
17085887 2
8587840 8509058
17096898 2
17096900 1
17096901 16
17096917 1
17096918 256
17097174 64
17097238 16
17097254 8
17097262 4
17097266 2
15585810 1511559
17097369 16
17097385 1
17097386 8560
17105946 1286
17107232 643
17107875 520
17108395 2
17108397 1
17108398 16
17108414 1
17108415 16
17108431 1
17108432 64
17108496 32
17108528 4
17108532 1
12148195 4960355
17108395 256
17108651 256
17108907 64
17108971 16
17108987 8
17108995 4
17108999 2
17108414 8487
17108431 8487
17116918 7716
17124634 128
17124762 32
17124794 16
17124810 8
17124818 256
17125074 64
17125138 16
17125154 8
17125162 4
17125166 2
17125168 16
17125184 1
17125184 524
8627231 8627231
17254462 1286
17255748 128
17255876 32
17255908 16
17255924 8
17255932 4
17255936 2
9476238 7779801
17256039 16
17256055 1
17256055 524
17256579 64
17256643 32
17256675 4
17256679 1
17256680 256
17256936 64
17257000 16
17257016 8
17257024 4
17257028 2
17257030 64
17257094 32
17257126 4
17257130 1
12574604 4693539
8797070 8587840
17384910 8560
17393470 2572
17396042 1286
17397328 643
17397971 256
17398227 128
17398355 16
17398371 2
17398373 7716
17406089 128
17406217 32
17406249 16
17406265 8
17406273 7716
17413989 128
17414117 32
17414149 16
17414165 8
8797070 8627231
17424301 643
17424944 128
17425072 64
17425136 32
17425168 16
17425184 1
17255924 169611
8797070 8639288
17436358 128
17436486 32
17436518 16
17436534 8
17436542 4
17436546 1
10220705 7226854
16520211 927365
17447576 16
17447592 1
10826903 6621040
17447943 256
17448199 64
17448263 16
17448279 8
17448287 4
17448291 2
17448293 78782
17527075 39391
17566466 8560
17575026 2572
17577598 643
17578241 256
17578497 16
17578513 8
17578521 2
17578523 64
17578587 32
17578619 4
17578623 1
17578623 524
13154992 4424256
17578623 642
17579265 7716
17586981 128
17587109 32
17587141 16
17587157 8
17587165 520
17587685 2
17587687 1
8799642 8797070
17596712 1286
17597998 643
17598641 32
17598673 16
17598689 8
17598697 2
17598699 1
17598673 128
10986854 6622959
17609813 64
17609877 32
17609909 4
17609913 1
17609914 7716
17617630 128
17617758 32
17617790 16
17617806 8
17108496 509841
17618337 520
17618857 2
17618859 1
17618860 8560
17627420 1286
17628706 643
17629349 520
17629869 2
17629871 1
17629872 256
17630128 64
17630192 16
17630208 8
17630216 4
17630220 2
10218839 7411400
17630239 256
17630495 64
17630559 16
17630575 8
17630583 4
17630587 2
17630589 256
17630845 64
17630909 16
17630925 8
17630933 4
17630937 2
17630939 64
17631003 32
17631035 4
17631039 1
8952241 8800973
17753214 7716
17760930 256
17761186 64
17761250 16
17761266 4
17761270 16
17761286 1
17761286 524
17761810 7716
17769526 128
17769654 32
17769686 16
17769702 8
17769710 8560
17778270 1286
17779556 643
17780199 520
17780719 2
17780721 1
17780722 8560
17789282 1286
17790568 643
17791211 520
17791731 2
17791733 1
8954117 8954117
17908234 8560
17916794 5144
17921938 16
17921954 8
17921962 2
9077912 8954117
18032029 19572
18051601 542
18052143 32
18052175 16
18052191 2
18052193 1
18052194 64
18052258 32
18052290 4
18052294 1
18052295 256
18052551 64
18052615 16
18052631 8
18052639 4
18052643 2
18052643 525
17125138 928380
18053518 64
18053582 32
18053614 4
18053618 1
18053619 7716
18061335 128
18061463 32
18061495 16
18061511 8
18061519 8560
18070079 1286
18071365 643
18072008 520
18072528 2
18072530 1
18072531 64
18072595 32
18072627 4
18072631 1
18072631 524
18072631 541
13694918 4386154
18081072 256
18081328 64
18081392 16
18081408 8
18081416 4
18081420 2
18081422 256
18081678 64
18081742 16
18081758 8
18081766 4
18081770 2
18081772 8560
18090332 1286
18091618 643
18092261 520
18092781 2
18092783 1
18092784 78782
18171566 39391
18210957 8560
18219517 2572
18222089 643
18222732 256
18222988 16
18223004 8
18223012 2
18223012 525
18223012 542
18223554 16
18223570 1
16466351 1768232
18234583 256
18234839 64
18234903 16
18234919 8
18234927 4
18234931 2
11018192 7227753
18245945 16
18245961 1
18245962 78782
18324744 39391
18364135 8560
18372695 2572
18375267 643
18375910 256
18376166 16
18376182 8
18376190 2
18376192 256
18376448 64
18376512 16
18376528 8
18376536 4
18376540 2
18376542 256
18376798 64
18376862 16
18376878 8
18376886 4
18376890 2
18376892 16
18376908 1
18376909 64
18376973 32
18377005 4
18377009 1
18377010 16
18377026 1
18377027 7716
18384743 128
18384871 32
18384903 16
18384919 8
18384927 7716
18392643 128
18392771 32
18392803 16
18392819 8
18392827 78782
18471609 39391
18511000 8560
18519560 2572
18522132 643
18522775 256
18523031 16
18523047 8
18523055 2
18523057 64
18523121 32
18523153 4
18523157 1
18523158 78782
18601940 39391
18641331 8560
18649891 2572
18652463 643
18653106 256
18653362 16
18653378 8
18653386 2
11314367 7469251
11294879 7488756
10668582 8245283
18913865 16
18913881 1
10836459 8077773
18914232 256
18914488 64
18914552 16
18914568 8
18914576 4
18914580 2
18914582 7716
18922298 128
18922426 32
18922458 16
18922474 8
10677300 8245283
18922583 8560
18931143 1286
18932429 643
18933072 520
18933592 2
18933594 1
17414165 1649660
19063825 520
19064345 2
19064347 1
10395149 8669549
19064698 8560
19073258 1286
19074544 643
19075187 520
19075707 2
19075709 1
19075710 64
19075774 32
19075806 4
19075810 1
16185079 3020962
17085889 2128052
15716134 3497824
9607240 9607240
19214480 1
19214481 64
19214545 32
19214577 4
19214581 1
19214582 64
19214646 32
19214678 4
19214682 1
19214683 7716
19222399 128
19222527 32
19222559 16
19222575 8
19222583 16
19222599 1
19222600 8560
19231160 1286
19232446 643
19233089 520
19233609 2
19233611 1
19233612 78782
19312394 39391
19351785 8560
19360345 2572
19362917 643
19363560 256
19363816 16
19363832 8
19363840 2
19363842 16
19363858 1
19363859 256
19364115 64
19364179 16
19364195 8
19364203 4
19364207 2
19364209 8560
19372769 1286
19374055 643
19374698 520
19375218 2
19375220 1
19375221 16
19375237 1
9756881 9747999
19504880 542
19505422 32
19505454 8
19505462 4
19505466 2
16336242 3299456
19635698 8560
19644258 1286
19645544 643
19646187 520
19646707 2
19646709 1
19646710 64
19646774 32
19646806 4
19646810 1
19646811 16
19646827 1
19646828 16
19646844 1
19646845 64
19646909 32
19646941 4
19646945 1
19646946 64
19647010 32
19647042 4
19647046 1
19647047 256
19647303 64
19647367 16
19647383 8
19647391 4
19647395 2
19647397 64
19647461 32
19647493 4
19647497 1
14324037 5331361
9891038 9891038
19782076 2572
19784648 643
19785291 256
19785547 64
19785611 16
19785627 1
10033848 9851647
19885495 30061
19915556 256
19915812 32
19915844 8
19915852 4
19915856 2
19915858 78782
19994640 39391
20034031 8560
20042591 2572
20045163 643
20045806 256
20046062 16
20046078 8
20046086 2
20046088 7716
20053804 128
20053932 32
20053964 16
20053980 8
20053988 16
20054004 1
20054005 7716
20061721 128
20061849 32
20061881 16
20061897 8
20061905 64
20061969 32
20062001 4
20062005 1
20062006 64
20062070 32
20062102 4
20062106 1
20062107 64
20062171 32
20062203 4
20062207 1
20061969 256
20062207 541
20062748 16
20062764 1
20062106 8559
20070665 256
20070921 64
20070985 16
20071001 8
20071009 4
20071013 2
20071015 78782
20149797 39391
20189188 8560
20197748 2572
20200320 643
20200963 256
20201219 16
20201235 8
20201243 2
20201245 256
20201501 64
20201565 16
20201581 8
20201589 4
20201593 2
15041932 5160013
20201945 520
20202465 2
20202467 1
20202467 524
10997867 9213024
18091618 2119290
20210908 78782
20289690 39391
20329081 8560
20337641 2572
20340213 643
20340856 256
20341112 16
20341128 8
20341136 2
20341138 16
20341154 1
20341154 524
20341678 520
20342198 2
20342200 1
16531856 3940575
20472431 16
20472447 1
10358598 10243289
20601887 643
20602530 128
20602658 16
20602674 4
20602678 520
20603198 2
20603200 1
20603201 16
20603217 1
20603217 524
10358598 10358598
20717196 8560
20725756 7716
20733472 256
20733728 128
20733856 64
20733920 32
20733952 16
20733968 2
20733970 1
19222399 1641802
20864201 256
20864457 64
20864521 16
20864537 8
20864545 4
20864549 2
20864549 525
19231160 1641814
20872974 256
20873230 64
20873294 16
20873310 8
20873318 4
20873322 2
10488670 10488670
20977340 19572
20996912 5144
21002056 1286
21003342 128
21003470 64
21003534 16
21003550 4
21003554 78782
21082336 39391
21121727 8560
21130287 2572
21132859 643
21133502 256
21133758 16
21133774 8
21133782 2
21133782 525
21134307 7716
21142023 128
21142151 32
21142183 16
21142199 8
21142207 78782
21220989 39391
21260380 8560
21268940 2572
21271512 643
21272155 256
21272411 16
21272427 8
21272435 2
21272437 256
21272693 64
21272757 16
21272773 8
21272781 4
21272785 2
21272787 256
21273043 64
21273107 16
21273123 8
21273131 4
21273135 2
21273137 16
21273153 1
21273107 64
21273171 256
21273427 64
21273491 16
21273507 8
21273515 4
21273519 2
21273521 256
21273777 64
21273841 16
21273857 8
21273865 4
21273869 2
21273871 16
21273887 1
16185148 5096640
11018192 10393826
21412018 78782
21490800 39391
21530191 8560
21538751 2572
21541323 643
21541966 256
21542222 16
21542238 8
21542246 2
18234933 3307332
21542265 256
21542521 64
21542585 16
21542601 8
21542609 4
21542613 2
21542615 64
21542679 32
21542711 4
21542715 1
21542715 524
21543239 256
21543495 64
21543559 16
21543575 8
21543583 4
21543587 2
21543587 525
10836515 10836515
21673030 1286
21674316 16
21674332 8
21674340 2
13024666 8649777
13154896 8649777
10977774 10826916
10978297 10826916
16494922 5310308
19375220 2430027
19375237 2430027
21805264 64
21805328 32
21805360 4
21805364 1
10966762 10966762
21933524 1286
21934810 643
21935453 128
21935581 8
21935589 4
21935593 2
10977774 10966762
21944536 1286
21945822 643
21946465 128
21946593 8
21946601 4
21946605 2
21946607 64
21946671 32
21946703 4
21946707 1
21946708 16
21946724 1
10978432 10978432
21956864 643
21957507 128
21957635 64
21957699 32
21957731 4
21957735 2
21957737 16
21957753 1
15193148 6764623
21957771 7716
21965487 128
21965615 32
21965647 16
21965663 8
21965671 8560
21974231 1286
21975517 643
21976160 520
21976680 2
21976682 1
