1372
1 1
2 2
4 1
5 1
6 4
10 5
15 1
16 5
21 10
21 21
31 31
62 1
62 42
104 16
120 104
224 62
286 62
348 21
286 224
510 104
614 31
645 120
765 62
510 369
614 510
1124 5
827 369
1129 1124
1196 1124
2320 1
2321 369
2690 1196
2253 2253
3886 827
4506 827
3886 2320
6206 1196
7402 1
7402 614
7403 7403
14806 63
14869 21
14890 2
14806 104
14806 7403
22209 63
22272 2
22274 14869
37143 14892
52035 879
52914 348
53262 104
53366 52914
106280 16
106296 37143
143439 14892
158331 14892
158331 53262
211593 348
211941 7403
219344 120
219464 31
219495 10
219505 14869
234374 4713
234374 7402
241776 4713
246489 106280
352769 6206
241776 158331
358975 143439
502414 369
358975 358975
717950 2690
720640 765
721405 4
721409 2
502414 400107
902521 10
902531 352769
1255300 106296
902521 721411
1623932 1124
1623932 1196
1623932 239087
1863019 31
1863019 286
1623932 502414
2126346 902521
1863305 1625056
3028867 721411
3750278 6
3750278 106280
3856558 2
3750278 3488361
3856560 3856558
7713118 3488361
11201479 52035
11253514 286
11253800 1863019
13116819 53262
13170081 2126346
15296427 158331
15454758 348
15455106 502783
15957889 53366
16011255 6206
16017461 645
16018106 63
16018169 16
16018185 1
11253514 11201479
15296427 13170081
28466508 348
16018186 15455106
31473292 510
31473802 721411
32195213 400107
32595320 3750284
22454993 16018186
32595320 15455106
38473179 22454993
60928172 721409
61649581 31
61649581 22274
61671855 2126346
61671855 11253800
72925655 32195213
105120868 106296
105227164 6206
105233370 369
105233739 63
105233802 21
105233823 1
105233824 765
105233824 106280
105340104 4
105340104 37143
105340104 502783
105842887 645
105340108 1623932
106964040 1129
105842887 1625056
107467943 2321
105233824 3750284
107467943 13116819
120584762 143439
105843532 15455106
121298638 358975
120584762 1361596
121946358 614
120584762 3856560
124441322 37143
124478465 4713
124483178 211941
124695119 6206
124701325 827
124702152 21
124483178 400107
124702173 721411
120584762 11253514
131838276 2126346
133964622 234374
134198996 106280
134305276 234374
121946358 13170081
106964040 28466856
133964622 2126346
136090968 14869
136105837 2
136105839 286
136105839 1124
125423584 13170081
138593665 6
136106125 3028867
138593665 2126346
140720011 22274
105233824 38473179
143707003 1124
143708127 721411
144429538 902521
136090968 11201479
147292447 7238639
154531086 8016
154539102 1129
154540231 7402
154547633 400107
154947740 53366
155001106 22274
155023380 8016
155031396 2690
155034086 510
155034596 31
155034627 2
155034629 4506
140742285 15455106
136106963 22454993
158561956 3886
158561956 241776
147292447 16018186
156197391 7713118
163910509 765
163310633 721411
105843532 61649581
167493113 4506
167493113 6206
167499319 14869
167514188 2
167499319 3856558
171355877 2320
171358197 219505
171358197 902531
172260728 52914
172260728 3028867
147292447 28466856
163911274 13116819
177028093 879
177028093 14910
177043003 241776
177043003 352769
177395772 3488361
180884133 358975
172313642 11253514
183567156 1129
154540231 32195213
171355877 16018186
172260728 15296427
187557155 879
187558034 53366
187557155 234374
187611400 211593
163910509 28466856
134305276 61649581
135116439 60928172
196044611 502783
196547394 6206
196553600 879
196554479 120
196554599 63
196554662 21
196554683 6
136105839 61649612
138593665 60928172
199521837 2
138593671 61649612
200243283 1129
155034629 48050426
203085055 502783
203587838 106296
203694134 14910
203709044 2690
203711734 1129
203712863 42
203712905 2
203712907 502414
204215321 1129
156197391 48050426
203712907 1625056
204215321 3028867
207244188 14806
177043003 32195213
138593671 72925655
106964040 105340104
197755451 15455106
213210557 1255300
214465857 5
214465857 3886
155039135 60928172
215967307 502414
195954857 22454993
196554689 22454993
187822993 32595320
220418313 2321
220420634 614
220420634 3856560
224277194 8016
224285210 1863305
216469721 11253800
196554689 31473802
124483178 105842887
230326065 14806
183567156 48050426
200243283 32195213
232438496 721411
233159907 173223
233333130 158331
204216450 31473292
235689742 120
227723521 11253514
238977035 502783
239479818 53366
239533184 37143
239570327 8016
239578343 2690
239581033 879
239581912 63
239581975 10
135116439 105233824
238977035 1863305
135116439 106964040
181243108 61671855
240350263 3750284
244100547 879
244101426 1863305
138593671 108984108
247577779 62
247577841 246489
247824330 37143
247861473 3886
247865359 369
247865728 42
247865770 15
187791529 61649612
249441141 53366
249441141 173223
125423584 124478465
249441141 3856560
249902049 3856558
133964622 120728201
136105839 120584762
136105839 121657613
139134992 120584762
154540231 105843532
260383763 369
259719754 1863050
138593671 125423584
264017255 502783
264017255 1625056
205337963 61649612
145332059 121946972
267279031 4506
267283537 15
163911274 105842887
269754161 53262
240350263 31473292
261582804 11253800
167499319 106965169
274464488 1361596
275826084 173223
275999307 22274
276021581 1129
276022710 21
276022731 6
276022737 2
155039135 121946972
204247817 72925655
277173472 1863305
279036777 219505
279256282 4506
279260788 120
279260908 4
155034629 124441322
279260912 1863050
281123962 902531
282026493 53366
282079859 37143
282117002 8016
282125018 5333
282130351 510
282130861 63
282130924 16
282130940 1
282130941 52035
282182976 7403
282190379 14806
282130941 234374
147292447 136106125
282130941 1863019
283993960 510
283994470 2126346
286120816 502783
286623599 8016
286631615 2690
286634305 827
286635132 21
286635153 6
286635159 2
145332059 143708127
154547633 134539650
289087283 106296
289193579 22274
289215853 8016
289223869 2690
289226559 510
289227069 63
289227132 15
289227147 120
289040186 3028867
283993960 11253800
265642311 31473292
297115603 358975
297474578 4713
297479291 369
297479660 63
297479723 21
297479744 6
297479750 1
297479751 1196
154531086 143708127
298239213 106296
298345509 8016
298353525 879
298354404 120
298354524 63
298354587 10
298354597 4
267283537 31473292
181243108 121298638
158803732 144429538
303233270 14806
164032044 140742285
304774329 158331
303233270 3856560
177028093 131838276
204216450 105234589
171355877 138593671
249441141 61649612
187558034 124702173
172313642 140720011
177028972 136106963
309949548 3750284
304774329 11253514
316027843 1625056
177043003 140720011
303248076 16018186
319266262 4
177028093 143708127
200244412 121298638
167497619 154540231
319266266 3750278
286635161 38473179
325108340 14892
218409850 106964040
220421248 105843532
167493113 158803732
326264780 3750278
187791529 143707003
331498532 246489
177028972 156197391
333226363 52035
319266266 15455106
313135935 22454993
335590928 22274
216469721 121657613
338127334 1863019
339990353 286
317763014 22454993
235689862 105377247
209238216 134198996
343437212 224
343437212 53262
177028093 167499319
212304144 134198996
346503140 5
214465857 135116439
349582296 4
212304144 138593671
187611400 164032044
177395772 175289595
214469743 138593671
219009682 136090968
355100650 52035
249614364 106965169
341067109 16018186
357085295 645
357085295 400107
344527412 13116819
197755451 163910509
257763452 105233824
350897815 13170081
362997276 1625056
207244188 158561956
244100547 121946972
355100650 11201479
357085295 11201479
368286774 239087
214465862 154547633
366302129 3856560
199521839 171577702
368525861 3488361
372014222 1623932
362997276 11253514
372014222 3488361
303248076 72925655
269807423 108984108
378791531 721411
379512942 22274
379535216 8016
379543232 2321
379545553 120
379545673 42
379545715 15
276022739 105234589
349582296 32195213
381777509 211593
309949548 72925655
370158689 13116819
383275508 502783
383778291 53366
383831657 1196
383832853 104
383832957 10
383832967 2
203085055 181243108
209238216 177284779
379545730 7238639
386784369 3886
203712907 187822993
260384132 131838276
254692823 139134992
235689862 158561956
394251818 7402
207244188 187374063
394618251 4713
233333130 163911274
253758607 145332059
211519326 187791529
399310855 239087
235689862 164032044
399721906 1863305
401585211 53366
401638577 37143
401675720 369
401676089 120
401676209 16
401676225 2
235689862 167514190
343490474 60928172
403204052 1625128
207244188 199521837
230326065 177395772
283994470 124483178
401676227 7713118
265642311 145332059
409389345 1863305
411252650 5333
411257983 2690
411252650 1863019
413115669 106296
220420634 196044611
214469743 204215321
264520038 155034629
256690601 163911274
373638154 48050426
411252650 11253800
422506450 241776
350897815 72925655
423823470 37143
269807423 154547633
319266262 105842887
292069053 136090968
307089830 121946972
286635161 143708127
249614364 181243108
228028491 203085055
307089830 124483178
226148515 207258994
269754161 164032044
264520038 171577702
436097740 2690
240350263 195954857
436305120 1
220418313 218409850
438828163 173223
439001386 14910
439016296 4713
439021009 348
439021357 6
439021363 2
439021365 1
436305121 3856560
286635161 155034629
441669790 902531
308866369 134539650
319266262 124478465
441669790 3750278
445420068 1863050
233491461 214465857
224285210 224285210
448570420 53366
448623786 37143
448660929 8016
448668945 4506
448673451 120
448673571 31
448673602 6
448673608 2
448673610 1
325123232 124483178
449606410 1361596
450968006 37143
451005149 6206
451011355 645
451012000 63
451012063 10
451012073 2
451012075 52914
451064989 902531
451967520 53366
452020886 37143
452058029 2690
452060719 1129
452061848 42
452061890 1
286635161 167493113
330015058 124883285
322037850 133964622
302541746 154540231
259719754 197755451
442572321 16018186
239581985 220418313
460000298 6206
297479751 163310633
338127334 124883285
463010619 765
463011384 902531
463913915 53366
297479751 167499319
269754161 196044611
346503145 121946972
249902049 220421248
267279031 204215321
471494352 5333
238977035 233333130
472310165 53366
472363531 14910
472378441 286
472378727 21
472378748 4
365806144 107467943
473274087 8016
451012075 22454993
247577779 226148515
472378752 3856558
267283537 211519326
303248076 177043003
480291079 239087
346503140 136090968
482594108 614
471494352 13170081
289087283 196044611
350897815 136106125
456002472 31473802
473282103 15455106
488737209 53262
441669790 48050426
249494507 242080479
491574986 63
454128274 38473179
368286774 124441322
326264780 167499319
493764099 239087
349582300 144429538
343437436 154531086
497968522 721411
368286774 131838276
500125050 1863050
335613202 167499319
503112521 400107
442572321 61671855
308866369 195954857
259719754 245964731
297479751 209238216
267283552 240350263
338127334 171577702
509705036 14869
509719905 2
264017255 247577779
298756829 213210557
349582296 164032044
308866369 205337963
331745021 183567156
381777509 133964622
488737209 28466856
517204065 1361596
518565661 21
518565682 211941
518777623 6206
518783829 827
518784656 21
331498532 187557155
309451039 212304144
416465245 105340104
399549942 124483178
357485402 167499319
524984721 37143
277173472 249614364
279475951 247577779
527053730 902531
527956261 14910
527971171 3886
527975057 369
527975426 120
527975546 10
527975556 2
424355056 105842887
519055687 11253800
394618251 136090968
530709219 211941
530921160 1623932
376173731 158565842
429036802 106965169
303233270 233491461
524033120 13116819
537149939 502783
537652722 4713
537657435 510
537657945 63
537658008 4
297480947 240840340
433407509 105234589
368525861 172260728
540786589 352769
527975558 15455106
543430664 1625128
374250790 171355877
545606667 358975
391535900 155039135
282182976 267279031
549462007 358975
549820982 8016
549828998 2253
549831251 21
331745021 218409850
391535900 158803732
518565661 32595320
551160981 1863305
553024286 246489
553270775 1196
553271971 120
553272091 42
553272133 2
553272135 1
321543050 233159907
321543050 233491461
339990353 216469721
543430664 13170081
556600745 3886
546575035 11253514
550339632 11253800
555034511 7713118
343437436 220418313
563855749 62
357644231 207244188
326296845 240350263
379545730 187791529
443744727 124883285
568628012 510
381257328 187374063
397244404 172313642
394618251 177284779
571903030 902531
572805561 8016
572813577 1196
572814773 879
572815652 120
572815772 21
572815793 1
569558046 3856558
371099541 203085055
321543050 254692823
307089830 269754161
576843991 53262
356579533 220421248
317763014 260383763
297479751 281123962
447283118 133964622
476235310 105233824
303248076 279475951
408477648 175289595
583767243 369
320736220 265642311
428160021 158561956
423823470 163910509
452061891 136106125
436100430 154531086
436305120 156197391
331745021 261582804
431113546 163310633
407721837 187374063
368286774 227723521
534739573 61649581
596389154 1196
583767612 13170081
596937693 219505
379545730 220420634
303248076 298756829
361665960 240840340
410974370 192377365
440161681 163310633
603472314 2126346
605598660 106296
605704956 645
605705601 104
605705705 15
605705720 352769
606058489 765
606059254 16
606059270 2
606059272 1
606058489 6206
407721837 200244412
416465245 192377365
423860613 187557155
473726294 138593671
448673611 164032044
436100430 177284779
613385209 614
491575049 124702173
344527412 272836604
320736220 297480947
411257983 207258994
311090753 309451039
620541792 8016
620549808 1196
620551004 879
620551883 2
322037850 298756829
620551885 721409
497968522 124441322
381989102 242080479
357485402 267279031
624764433 721411
625485844 53366
625539210 22274
625561484 8016
625569500 3886
625573386 510
343490474 282205185
492728096 134198996
626927092 400107
627327199 22274
627349473 2321
627351794 42
627351836 16
627351852 2
627351854 1
423860613 203712907
381257328 249614364
322037850 309451039
509705036 121946972
491574986 140742285
493764099 140742285
458590507 177284779
440161681 196554689
404418646 233333130
637751776 143439
454898343 183567156
350897815 289227147
578603713 61649612
468450117 172313642
537658012 105340104
439021366 205337963
644359329 902531
645261860 14910
645276770 879
645277649 104
645277753 1
473274087 172313642
492601453 154531086
460006504 187558034
430857472 219009682
637895215 13170081
651065296 2690
460790384 192377365
653167749 14892
645587729 7713118
653300847 53366
653354213 22274
653376487 8016
653384503 1196
653385699 879
653386578 120
653386698 42
653386740 4
653386744 3028867
656415611 246489
656662100 22274
656684374 8016
656692390 5333
656697723 765
656698488 16
656698504 4
521805349 136090968
411260673 247577841
361665960 297479751
334721372 325108340
357085940 303248076
660334016 400107
660734123 53366
660787489 22274
660809763 8016
660817779 5333
660823112 10
660823122 1
423823470 238977035
631652008 31473292
350897815 313135935
664033750 2126346
666160096 106296
666266392 14910
666281302 5333
666286635 765
666287400 21
666287421 6
666287427 2
530309487 136090968
351643444 316027843
442572321 226148515
545055792 124483178
669538970 902531
670441501 53366
670494867 14910
670509777 5333
670515110 224
670515334 10
488790471 183567156
472378752 200244412
408477648 265642311
500125050 175289595
675414645 1361596
676776241 143439
676919680 2690
676922370 827
676923197 42
676923239 6
676923245 2
675414645 1863050
677277695 879
449606410 230340871
460006504 220420634
525021864 156197391
447283118 235689742
487003940 196554689
484664433 199521837
530309487 155034629
457081977 230326065
485131894 203085055
406766025 282190379
441669790 247577841
553272136 136105839
487476274 203712907
586378531 105340104
691718635 1361596
433407509 260383763
557828549 138593665
693080231 3750278
588168016 108984108
527053730 171577702
668720836 31473292
556604631 143708127
418685064 282365315
576843991 124702173
460790384 242080479
568631391 135430896
569558046 136106963
447957318 257763452
704062287 3750284
511595034 196554689
672357627 36345604
550339632 158803732
553272136 158565842
576897253 136106125
370158689 343437212
653182641 61649581
511967386 203085055
714832222 902531
482594722 233159907
381989102 335590928
361665960 357644231
719310191 37143
719347334 8016
719355350 2690
719358040 879
719358919 120
719359039 21
719359060 2
719359062 241776
424355056 297115603
602004905 120728201
381777509 341067109
527053730 196554689
722733106 3488361
726221467 106280
382875203 343490474
541139358 187557155
595095900 134539650
431573008 298756829
668720836 61671855
730329837 1863305
568628522 163911274
485131894 249441141
734573035 173223
734746258 22274
734768532 4713
734773245 120
734773365 42
734773407 16
734773423 1
401676227 333226363
734902590 219505
494003186 242080479
530197943 209238216
739436159 502783
730329837 11253514
500125050 242080479
433786205 309451039
430857472 313033653
375502583 369013495
460000298 286635161
588168016 158561956
613385823 134305276
624069581 124883285
574184596 175759303
537658008 212304144
625573896 124478465
541139358 211519326
421688580 333278398
473467068 282190379
651067986 105234589
537149939 220421248
473726294 283994470
756302575 1625056
394251818 365806144
760057962 1255300
761313262 8016
761321278 510
761321788 6
760057962 1863019
761920981 15
657896317 105233824
577000781 187822993
545965642 220418313
457081977 311090753
527053730 242080479
769134209 348
769134557 1625128
537658008 233333130
536001971 235689742
494003186 279475951
773479137 827
471499685 302541746
573414604 203712907
534739573 242914963
473282103 304774329
465798772 312260207
596937693 183567156
471494352 309451039
534739573 247577841
480530166 302541746
404829180 379545730
436100430 349582300
608842610 177395772
594424179 192377365
442572321 344527412
470323297 319266262
789589559 104
433407509 356579533
789987042 902531
790889573 106296
790995869 8016
791003885 2690
791006575 645
791007220 31
791007251 6
791007257 1
411260673 381777509
545606667 247865785
436097740 357644231
399090666 397244404
662800505 135116439
545606667 253297701
797916944 1863305
666400455 133964622
653300847 147292447
800593294 827
799780249 3750278
803530527 37143
800365077 3750284
447957318 357085940
493764099 313699832
616277222 192377365
511967386 297115603
454898343 355100650
514204332 297115603
487476274 325123232
530709219 282190379
509719907 303233270
812953177 106296
813059473 22274
813081747 8016
813089763 1196
813090959 286
813091245 42
813091287 16
813091303 2
813091305 1
812599506 502783
813102289 21
409389345 408477648
817866993 502783
818369776 53366
818423142 37143
818460285 6206
818466491 879
818467370 120
818467490 63
818467553 6
818467559 219505
818687064 52914
537658012 282130941
606059273 215967307
436097740 386788255
660823123 163910509
701050379 124483178
549831272 276022739
550339632 276986107
640253325 187557155
827810480 1361596
829172076 53366
829225442 37143
829262585 1196
829263781 286
829264067 42
829264109 10
829264119 4
769134209 60928172
830062381 14910
429036802 403204052
805043258 28466856
622409844 211519326
729635550 105842887
715734753 121298638
705665009 131838276
663125300 175759303
618516977 220420634
620551885 220418313
840970198 173223
841143421 6206
841149627 1129
841150756 21
841150777 6
841150783 2
841150785 1
553272136 289040186
624764433 218409850
460790384 384328163
586378531 259719754
675414645 171358197
726327747 120728201
555034511 292069053
837033391 11253514
714832222 134305276
813102310 36345604
743891125 105843532
457081977 394618251
583767612 269754161
487003940 368286774
793741971 61649612
536724731 319266266
855990997 1361596
857352593 37143
857389736 8016
857397752 5333
857403085 369
857403454 120
857403574 10
670515344 187557155
722844618 136106125
715754629 143707003
859461632 3028867
862490499 106296
862596795 22274
862619069 5333
862624402 120
862624522 42
862624564 6
862624570 2
862624572 1
757927631 105233824
863161455 211941
863373396 6206
863379602 827
863380429 21
631488889 233333130
864822019 400107
865222126 53366
865275492 22274
865297766 8016
865305782 1196
865306978 614
865307592 5
679947281 186735444
454128274 413115669
532545092 335590928
868136020 246489
868382509 22274
868404783 6206
868410989 827
868411816 42
868411858 6
868411864 2
436305120 433407509
766383955 105233824
597157198 274464488
871621686 5333
769134557 105340104
709143364 167493113
538642098 338127334
743237244 134539650
877776894 211941
877988835 6206
877995041 827
877995868 21
757720764 121946358
637895215 242914963
556460074 325108340
719600838 163911274
442572321 441669790
726221467 158803732
501988100 384328163
500125050 386784369
752658684 135116439
618217167 269754161
887971328 1863305
889834633 211941
890046574 6206
890052780 879
890053659 120
890053779 21
890053800 6
550154871 339990639
705665009 187374063
757927631 136105839
730329837 163910509
498689933 397244404
895934337 721411
896655748 158331
896814079 8016
896822095 369
896822464 63
896822527 21
896822548 4
713595901 183568285
567337259 331498532
569558046 330015058
899573104 211941
736083665 163910509
761920996 139134992
901055988 721411
901777399 8016
901785415 4506
901789921 63
901789984 21
901790005 2
659829712 242914963
899994174 3856560
622409844 282130941
492728096 413221965
773479137 134305276
568628012 339990353
908618365 6206
786801544 124478465
571903030 340218007
717580030 195954857
726221467 187374063
782317414 131838276
543430664 371099541
911280009 3750278
492728096 425109149
687408042 231617582
659145711 260384132
919529843 1196
545606667 376173731
511967386 410974370
657896317 265642311
923538628 1625128
925163756 53366
925217122 8016
925225138 2690
925227828 879
925228707 120
925228827 63
925228890 16
865307597 60928172
463913915 463011384
530921160 397244404
679947281 249441141
587733979 343437212
931171191 348
556460074 376173731
669538970 264520038
746729972 187374063
492728096 441669790
789987042 144429538
635875286 302541746
726221467 213210557
819788953 120584762
728696513 212304144
530921160 411252650
611417768 331745021
943162789 1196
640253325 303233270
503512628 442572321
946084949 902521
492601453 454898343
780504849 167497619
624069581 325123232
672357627 277173472
791007258 158565842
538321287 413221965
685344116 266987575
952331691 120
952331811 1863019
954194830 14806
722733106 233491461
592502511 366047519
505684485 454128274
592502511 368286774
551160981 410974370
962135351 369
786801544 177284779
747691099 216469721
586378531 379545730
674119959 292069053
966189012 502783
966691795 53366
966745161 22274
966767435 2690
966770125 645
966770770 42
966770812 6
966770818 2
647564538 319266266
964086323 3750278
726327747 242914963
962135351 7713118
749962152 220418313
715734753 257763452
786801544 187822993
766383955 209238216
837033391 140742285
696422214 282130941
515742131 463967281
793038182 187611400
715052441 265642311
603472314 378791531
847055948 136106125
675414645 308866369
984281014 16
984281030 21
708149723 279260912
987410635 211941
987622576 6206
987628782 827
987629609 21
676923247 312260207
989183454 721411
989904865 106296
990011161 22274
990033435 2690
990036125 645
990036770 5
550339632 440161681
833510114 158565842
743237244 249902049
871627019 121657613
962135720 31473802
837033391 158803732
545606667 451012075
862624573 134305276
596937693 401676227
